Id,Label,timeset,indegree,outdegree,Degree,weighted indegree,weighted outdegree,Weighted Degree,componentnumber,strongcompnum,clustering
6,,,44,40,84,44,40,84,0,1115,0.112458
2,,,41,45,86,41,45,86,0,1115,0.091437
5,,,3,3,6,3,3,6,0,1115,1
1,,,226,215,441,226,215,441,0,1115,0.042372
15,,,13,15,28,13,15,28,0,1115,0.073529
4,,,54,63,117,54,63,117,0,1115,0.087138
3,,,21,0,21,21,0,21,0,5,0.140476
13,,,191,210,401,191,210,401,0,1115,0.038405
16,,,1,0,1,1,0,1,0,1111,0
10,,,5,8,13,5,8,13,0,1115,0.375
7,,,216,232,448,216,232,448,0,1115,0.024313
21,,,26,22,48,26,22,48,0,1115,0.088624
20,,,10,0,10,10,0,10,0,153,0.3
8,,,3,1,4,3,1,4,0,1115,1
17,,,19,26,45,19,26,45,0,1115,0.105911
23,,,26,18,44,26,18,44,0,1115,0.067734
25,,,113,0,113,113,0,113,0,13,0.055863
26,,,11,12,23,11,12,23,0,1115,0.037879
28,,,11,7,18,11,7,18,0,1115,0.109091
29,,,35,33,68,35,33,68,0,1115,0.066999
31,,,2,2,4,2,2,4,0,1115,1
32,,,6,6,12,6,6,12,0,1115,0.266667
34,,,3,3,6,3,3,6,0,1115,1
35,,,535,763,1298,535,763,1298,0,1115,0.003058
36,,,33,35,68,33,35,68,0,1115,0.0503
37,,,12,13,25,12,13,25,0,1115,0.044872
44,,,3,2,5,3,2,5,0,1115,0.333333
39,,,25,25,50,25,25,50,0,1115,0.115385
45,,,11,11,22,11,11,22,0,1115,0.038462
19,,,10,12,22,10,12,22,0,1115,0.128788
46,,,1,1,2,1,1,2,0,1115,0
47,,,2,2,4,2,2,4,0,1115,1
51,,,29,30,59,29,30,59,0,1115,0.095699
52,,,1,1,2,1,1,2,0,1115,0
53,,,2,2,4,2,2,4,0,1115,0
54,,,7,7,14,7,7,14,0,1115,0.404762
41,,,95,100,195,95,100,195,0,1115,0.058062
55,,,1,1,2,1,1,2,0,1115,0
57,,,80,59,139,80,59,139,0,1115,0.143431
61,,,9,5,14,9,5,14,0,1115,0.227273
65,,,1,1,2,1,1,2,0,1115,0
56,,,6,7,13,6,7,13,0,1115,0.547619
66,,,1,1,2,1,1,2,0,1115,0
69,,,9,7,16,9,7,16,0,1115,0.069444
70,,,6,6,12,6,6,12,0,1115,0.233333
71,,,1,1,2,1,1,2,0,1115,0
72,,,11,11,22,11,11,22,0,1115,0.106061
74,,,1,1,2,1,1,2,0,1115,0
75,,,10,7,17,10,7,17,0,1115,0.181818
68,,,5,5,10,5,5,10,0,1115,0.6
64,,,69,78,147,69,78,147,0,1115,0.043304
76,,,3,3,6,3,3,6,0,1115,1
77,,,14,21,35,14,21,35,0,1115,0.110507
78,,,10,8,18,10,8,18,0,1115,0.288889
60,,,66,63,129,66,63,129,0,1115,0.038018
79,,,1,1,2,1,1,2,0,1115,0
80,,,17,17,34,17,17,34,0,1115,0.097368
81,,,9,6,15,9,6,15,0,1115,0.152778
62,,,52,14,66,52,14,66,0,1115,0.079186
83,,,1,1,2,1,1,2,0,1115,0
104,,,54,56,110,54,56,110,0,1115,0.062842
86,,,1,1,2,1,1,2,0,1115,0
87,,,2,2,4,2,2,4,0,1115,0
89,,,2,2,4,2,2,4,0,1115,1
94,,,1,1,2,1,1,2,0,1115,0
95,,,6,6,12,6,6,12,0,1115,0.142857
96,,,37,42,79,37,42,79,0,1115,0.0964
97,,,4,4,8,4,4,8,0,1115,0
99,,,1,1,2,1,1,2,0,1115,0
88,,,6,7,13,6,7,13,0,1115,0.107143
101,,,7,5,12,7,5,12,0,1115,0.041667
100,,,8,12,20,8,12,20,0,1115,0.265152
103,,,1,0,1,1,0,1,0,203,0
105,,,2,1,3,2,1,3,0,1115,1
106,,,1,1,2,1,1,2,0,1115,0
107,,,2,2,4,2,2,4,0,1115,0
108,,,6,4,10,6,4,10,0,1115,0.3
109,,,6,5,11,6,5,11,0,1115,0.261905
110,,,15,12,27,15,12,27,0,1115,0.285714
111,,,6,5,11,6,5,11,0,1115,0.3
112,,,14,26,40,14,26,40,0,1115,0.058462
115,,,24,32,56,24,32,56,0,1115,0.121951
114,,,9,6,15,9,6,15,0,1115,0.180556
119,,,3,3,6,3,3,6,0,1115,0.083333
122,,,1,2,3,1,2,3,0,1115,1
127,,,3,2,5,3,2,5,0,1115,0.333333
129,,,6,2,8,6,2,8,0,1115,0.233333
116,,,1,1,2,1,1,2,0,1115,0
131,,,1,0,1,1,0,1,0,204,0
132,,,32,32,64,32,32,64,0,1115,0.106061
133,,,2,2,4,2,2,4,0,1115,0
113,,,36,42,78,36,42,78,0,1115,0.070267
125,,,8,8,16,8,8,16,0,1115,0.333333
135,,,93,92,185,93,92,185,0,1115,0.064636
134,,,12,11,23,12,11,23,0,1115,0.198718
137,,,2,2,4,2,2,4,0,1115,1
138,,,2,2,4,2,2,4,0,1115,1
140,,,1,1,2,1,1,2,0,1115,0
141,,,21,21,42,21,21,42,0,1115,0.090909
139,,,3,4,7,3,4,7,0,1115,0.416667
142,,,11,11,22,11,11,22,0,1115,0.218182
143,,,20,22,42,20,22,42,0,1115,0.112319
144,,,41,43,84,41,43,84,0,1115,0.063131
145,,,1,1,2,1,1,2,0,1115,0
146,,,15,15,30,15,15,30,0,1115,0.0625
147,,,3,2,5,3,2,5,0,1115,0.333333
148,,,5,5,10,5,5,10,0,1115,0.1
93,,,13,12,25,13,12,25,0,1115,0.058333
149,,,28,36,64,28,36,64,0,1115,0.096728
150,,,3,5,8,3,5,8,0,1115,0.1
152,,,10,3,13,10,3,13,0,1115,0.090909
153,,,6,4,10,6,4,10,0,1115,0.533333
154,,,1,1,2,1,1,2,0,1115,0
155,,,2,3,5,2,3,5,0,1115,0.333333
156,,,7,7,14,7,7,14,0,1115,0.375
157,,,2,2,4,2,2,4,0,1115,1
158,,,3,1,4,3,1,4,0,1115,0.333333
160,,,7,7,14,7,7,14,0,1115,0.047619
161,,,3,3,6,3,3,6,0,1115,0.333333
162,,,2,2,4,2,2,4,0,1115,1
163,,,8,9,17,8,9,17,0,1115,0.083333
165,,,2,1,3,2,1,3,0,1115,0.5
166,,,13,13,26,13,13,26,0,1115,0.131868
167,,,11,10,21,11,10,21,0,1115,0.203297
168,,,1,1,2,1,1,2,0,1115,0
169,,,2,1,3,2,1,3,0,1115,0
170,,,1,1,2,1,1,2,0,1115,0
171,,,50,53,103,50,53,103,0,1115,0.060797
172,,,1,1,2,1,1,2,0,1115,0
173,,,4,3,7,4,3,7,0,1115,0.083333
174,,,4,4,8,4,4,8,0,1115,0.25
175,,,1,1,2,1,1,2,0,1115,0
176,,,3,4,7,3,4,7,0,1115,0.166667
177,,,9,10,19,9,10,19,0,1115,0.1
178,,,34,37,71,34,37,71,0,1115,0.070513
179,,,7,2,9,7,2,9,0,1115,0.142857
180,,,10,9,19,10,9,19,0,1115,0.111111
181,,,6,5,11,6,5,11,0,1115,0.233333
159,,,24,24,48,24,24,48,0,1115,0.049858
182,,,1,1,2,1,1,2,0,1115,0
183,,,3,3,6,3,3,6,0,1115,0
184,,,19,23,42,19,23,42,0,1115,0.109231
185,,,2,2,4,2,2,4,0,1115,0
186,,,12,11,23,12,11,23,0,1115,0.05303
187,,,1,1,2,1,1,2,0,1115,0
33,,,32,32,64,32,32,64,0,1115,0.216856
188,,,2,2,4,2,2,4,0,1115,0
189,,,3,2,5,3,2,5,0,1115,0.333333
190,,,1,1,2,1,1,2,0,1115,0
191,,,3,2,5,3,2,5,0,1115,0.333333
192,,,17,18,35,17,18,35,0,1115,0.219203
193,,,2,2,4,2,2,4,0,1115,1
194,,,3,3,6,3,3,6,0,1115,0.166667
195,,,1,1,2,1,1,2,0,1115,0
196,,,1,1,2,1,1,2,0,1115,0
198,,,50,45,95,50,45,95,0,1115,0.047059
199,,,4,6,10,4,6,10,0,1115,0.133333
200,,,7,8,15,7,8,15,0,1115,0.138889
201,,,4,2,6,4,2,6,0,1115,0
202,,,115,127,242,115,127,242,0,1115,0.03045
203,,,9,10,19,9,10,19,0,1115,0.111111
204,,,31,24,55,31,24,55,0,1115,0.055258
205,,,1,0,1,1,0,1,0,245,0
206,,,15,15,30,15,15,30,0,1115,0.1125
207,,,7,6,13,7,6,13,0,1115,0.047619
209,,,30,27,57,30,27,57,0,1115,0.033333
210,,,1,1,2,1,1,2,0,1115,0
120,,,6,5,11,6,5,11,0,1115,0.380952
211,,,2,1,3,2,1,3,0,1115,0
212,,,6,6,12,6,6,12,0,1115,0.452381
213,,,1,1,2,1,1,2,0,1115,0
214,,,14,12,26,14,12,26,0,1115,0.071429
215,,,53,54,107,53,54,107,0,1115,0.093985
216,,,9,9,18,9,9,18,0,1115,0.022222
217,,,3,3,6,3,3,6,0,1115,0.166667
218,,,2,1,3,2,1,3,0,1115,1
219,,,18,18,36,18,18,36,0,1115,0.077075
220,,,1,0,1,1,0,1,0,191,0
223,,,11,0,11,11,0,11,0,27,0.281818
224,,,7,8,15,7,8,15,0,1115,0.178571
225,,,3,6,9,3,6,9,0,1115,0.066667
227,,,6,6,12,6,6,12,0,1115,0.2
228,,,13,14,27,13,14,27,0,1115,0.057143
230,,,32,5,37,32,5,37,0,1115,0.045455
231,,,4,4,8,4,4,8,0,1115,0
232,,,1,1,2,1,1,2,0,1115,0
233,,,3,1,4,3,1,4,0,1115,0
208,,,2,2,4,2,2,4,0,1115,0
234,,,3,2,5,3,2,5,0,1115,0
235,,,13,9,22,13,9,22,0,1115,0.049451
222,,,13,12,25,13,12,25,0,1115,0.032051
236,,,2,3,5,2,3,5,0,1115,0
237,,,1,1,2,1,1,2,0,1115,0
238,,,6,8,14,6,8,14,0,1115,0.089286
239,,,8,11,19,8,11,19,0,1115,0.1
240,,,4,3,7,4,3,7,0,1115,0.5
241,,,5,7,12,5,7,12,0,1115,0.125
242,,,16,14,30,16,14,30,0,1115,0.058824
244,,,5,4,9,5,4,9,0,1115,0.133333
164,,,4,5,9,4,5,9,0,1115,0
245,,,11,4,15,11,4,15,0,1115,0.281818
246,,,5,3,8,5,3,8,0,1115,0.2
247,,,1,1,2,1,1,2,0,1115,0
248,,,2,3,5,2,3,5,0,1115,0
250,,,3,2,5,3,2,5,0,1115,0.333333
251,,,9,8,17,9,8,17,0,1115,0.291667
249,,,20,20,40,20,20,40,0,1115,0.044737
243,,,9,12,21,9,12,21,0,1115,0.108974
252,,,1,1,2,1,1,2,0,1115,0
253,,,0,1,1,0,1,1,0,1116,0
255,,,1,2,3,1,2,3,0,1115,0
256,,,33,32,65,33,32,65,0,1115,0.040476
257,,,18,93,111,18,93,111,0,1115,0.010862
258,,,2,2,4,2,2,4,0,1115,0
259,,,2,3,5,2,3,5,0,1115,0
260,,,3,0,3,3,0,3,0,190,0.333333
261,,,8,7,15,8,7,15,0,1115,0.107143
262,,,7,6,13,7,6,13,0,1115,0.095238
263,,,2,2,4,2,2,4,0,1115,1
264,,,2,0,2,2,0,2,0,186,1
265,,,5,3,8,5,3,8,0,1115,0.35
266,,,17,18,35,17,18,35,0,1115,0.065789
267,,,1,1,2,1,1,2,0,1115,0
268,,,5,5,10,5,5,10,0,1115,0.033333
229,,,4,3,7,4,3,7,0,1115,0.25
221,,,8,8,16,8,8,16,0,1115,0.166667
269,,,5,4,9,5,4,9,0,1115,0.166667
271,,,2,2,4,2,2,4,0,1115,0.5
272,,,12,9,21,12,9,21,0,1115,0.075758
273,,,25,27,52,25,27,52,0,1115,0.045567
274,,,21,17,38,21,17,38,0,1115,0.070652
275,,,2,1,3,2,1,3,0,1115,0
276,,,6,5,11,6,5,11,0,1115,0.133333
270,,,37,47,84,37,47,84,0,1115,0.070153
277,,,2,1,3,2,1,3,0,1115,0
279,,,2,1,3,2,1,3,0,1115,1
278,,,4,3,7,4,3,7,0,1115,0.3
280,,,58,59,117,58,59,117,0,1115,0.044421
281,,,1,0,1,1,0,1,0,569,0
282,,,6,5,11,6,5,11,0,1115,0
283,,,15,13,28,15,13,28,0,1115,0.071429
284,,,8,10,18,8,10,18,0,1115,0.044444
285,,,6,6,12,6,6,12,0,1115,0.3
286,,,2,2,4,2,2,4,0,1115,0
287,,,1,1,2,1,1,2,0,1115,0
288,,,7,7,14,7,7,14,0,1115,0.160714
290,,,1,1,2,1,1,2,0,1115,0
291,,,1,1,2,1,1,2,0,1115,0
292,,,2,1,3,2,1,3,0,1115,0
293,,,6,4,10,6,4,10,0,1115,0.238095
294,,,1,1,2,1,1,2,0,1115,0
295,,,21,24,45,21,24,45,0,1115,0.038333
296,,,6,1,7,6,1,7,0,1115,0.266667
297,,,3,2,5,3,2,5,0,1115,0.166667
298,,,10,8,18,10,8,18,0,1115,0
299,,,2,2,4,2,2,4,0,1115,0
301,,,4,4,8,4,4,8,0,1115,0.166667
302,,,1,0,1,1,0,1,0,521,0
303,,,1,1,2,1,1,2,0,1115,0
304,,,100,104,204,100,104,204,0,1115,0.071439
254,,,4,5,9,4,5,9,0,1115,0.266667
305,,,1,1,2,1,1,2,0,1115,0
306,,,1,1,2,1,1,2,0,1115,0
307,,,2,1,3,2,1,3,0,1115,0
308,,,13,11,24,13,11,24,0,1115,0.185897
309,,,34,45,79,34,45,79,0,1115,0.132143
310,,,7,4,11,7,4,11,0,1115,0.236111
311,,,1,1,2,1,1,2,0,1115,0
312,,,11,12,23,11,12,23,0,1115,0.083333
314,,,2,2,4,2,2,4,0,1115,0
313,,,2,3,5,2,3,5,0,1115,0
315,,,2,0,2,2,0,2,0,202,0
316,,,2,2,4,2,2,4,0,1115,0
317,,,4,4,8,4,4,8,0,1115,0
318,,,4,6,10,4,6,10,0,1115,0.166667
319,,,8,8,16,8,8,16,0,1115,0
320,,,5,5,10,5,5,10,0,1115,0.233333
322,,,8,11,19,8,11,19,0,1115,0.174242
323,,,1,1,2,1,1,2,0,1115,0
324,,,5,5,10,5,5,10,0,1115,0.35
325,,,11,12,23,11,12,23,0,1115,0.05303
326,,,1,1,2,1,1,2,0,1115,0
321,,,6,5,11,6,5,11,0,1115,0.266667
327,,,1,1,2,1,1,2,0,1115,0
328,,,3,1,4,3,1,4,0,1115,0.166667
329,,,1,1,2,1,1,2,0,1115,0
334,,,1,0,1,1,0,1,0,195,0
338,,,1,0,1,1,0,1,0,194,0
345,,,4,4,8,4,4,8,0,1115,0
346,,,22,25,47,22,25,47,0,1115,0.025
289,,,1,1,2,1,1,2,0,1115,0
347,,,8,4,12,8,4,12,0,1115,0.035714
349,,,1,1,2,1,1,2,0,1115,0
340,,,6,5,11,6,5,11,0,1115,0.035714
336,,,1,0,1,1,0,1,0,193,0
350,,,28,27,55,28,27,55,0,1115,0.121693
352,,,1,2,3,1,2,3,0,1115,0
353,,,85,86,171,85,86,171,0,1115,0.106307
354,,,1,1,2,1,1,2,0,1115,0
355,,,1,1,2,1,1,2,0,1115,0
356,,,4,4,8,4,4,8,0,1115,0.416667
357,,,4,3,7,4,3,7,0,1115,0
359,,,12,11,23,12,11,23,0,1115,0.095833
339,,,2,3,5,2,3,5,0,1115,0.333333
360,,,2,1,3,2,1,3,0,1115,0
366,,,5,7,12,5,7,12,0,1115,0.071429
367,,,1,1,2,1,1,2,0,1115,0
368,,,1,1,2,1,1,2,0,1115,0
358,,,2,2,4,2,2,4,0,1115,1
370,,,1,1,2,1,1,2,0,1115,0
371,,,1,2,3,1,2,3,0,1115,0
372,,,6,6,12,6,6,12,0,1115,0.066667
363,,,35,35,70,35,35,70,0,1115,0.135256
375,,,3,2,5,3,2,5,0,1115,0
377,,,3,2,5,3,2,5,0,1115,0
374,,,11,10,21,11,10,21,0,1115,0.204545
378,,,10,8,18,10,8,18,0,1115,0.144444
379,,,1,1,2,1,1,2,0,1115,0
380,,,4,3,7,4,3,7,0,1115,0.333333
382,,,1,1,2,1,1,2,0,1115,0
383,,,18,16,34,18,16,34,0,1115,0.026316
384,,,12,12,24,12,12,24,0,1115,0.115385
385,,,1,1,2,1,1,2,0,1115,0
386,,,11,10,21,11,10,21,0,1115,0.163636
348,,,4,3,7,4,3,7,0,1115,0
387,,,18,17,35,18,17,35,0,1115,0.049708
388,,,1,1,2,1,1,2,0,1115,0
389,,,2,2,4,2,2,4,0,1115,0
390,,,9,10,19,9,10,19,0,1115,0.055556
391,,,1,1,2,1,1,2,0,1115,0
392,,,3,2,5,3,2,5,0,1115,0
330,,,9,7,16,9,7,16,0,1115,0.155556
351,,,3,2,5,3,2,5,0,1115,0.333333
393,,,11,12,23,11,12,23,0,1115,0.136364
342,,,16,17,33,16,17,33,0,1115,0.137427
395,,,11,23,34,11,23,34,0,1115,0.134058
396,,,12,11,23,12,11,23,0,1115,0.083333
397,,,1,5,6,1,5,6,0,1115,0.05
399,,,18,16,34,18,16,34,0,1115,0.084967
400,,,1,1,2,1,1,2,0,1115,0
401,,,8,8,16,8,8,16,0,1115,0.035714
402,,,8,8,16,8,8,16,0,1115,0.071429
403,,,1,1,2,1,1,2,0,1115,0
404,,,6,6,12,6,6,12,0,1115,0.066667
405,,,19,19,38,19,19,38,0,1115,0.057143
406,,,3,3,6,3,3,6,0,1115,0
407,,,2,0,2,2,0,2,0,251,0
408,,,14,11,25,14,11,25,0,1115,0.043956
409,,,3,3,6,3,3,6,0,1115,0
410,,,5,4,9,5,4,9,0,1115,0.166667
411,,,3,3,6,3,3,6,0,1115,0.333333
412,,,10,8,18,10,8,18,0,1115,0.022222
414,,,1,1,2,1,1,2,0,1115,1
415,,,20,18,38,20,18,38,0,1115,0.068421
418,,,14,13,27,14,13,27,0,1115,0.054945
300,,,3,3,6,3,3,6,0,1115,0
421,,,5,6,11,5,6,11,0,1115,0.133333
423,,,7,6,13,7,6,13,0,1115,0
333,,,1,1,2,1,1,2,0,1115,0
341,,,1,0,1,1,0,1,0,189,0
427,,,11,16,27,11,16,27,0,1115,0.033333
428,,,4,2,6,4,2,6,0,1115,0
429,,,1,1,2,1,1,2,0,1115,0
332,,,2,3,5,2,3,5,0,1115,0.166667
394,,,12,11,23,12,11,23,0,1115,0.022727
430,,,1,1,2,1,1,2,0,1115,0
432,,,2,3,5,2,3,5,0,1115,0.083333
433,,,5,5,10,5,5,10,0,1115,0
434,,,1,1,2,1,1,2,0,1115,0
435,,,2,2,4,2,2,4,0,1115,0
436,,,13,13,26,13,13,26,0,1115,0.012821
437,,,3,1,4,3,1,4,0,1115,0
438,,,2,2,4,2,2,4,0,1115,1
439,,,2,6,8,2,6,8,0,1115,0
441,,,8,8,16,8,8,16,0,1115,0.138889
442,,,1,1,2,1,1,2,0,1115,0
443,,,13,16,29,13,16,29,0,1115,0.029412
440,,,2,2,4,2,2,4,0,1115,0
444,,,1,2,3,1,2,3,0,1115,0
445,,,1,1,2,1,1,2,0,1115,0
446,,,19,20,39,19,20,39,0,1115,0.136364
365,,,3,2,5,3,2,5,0,1115,0
448,,,4,3,7,4,3,7,0,1115,0.15
449,,,4,2,6,4,2,6,0,1115,0.15
431,,,2,1,3,2,1,3,0,1115,0
450,,,1,1,2,1,1,2,0,1115,0
451,,,2,2,4,2,2,4,0,1115,0
452,,,21,21,42,21,21,42,0,1115,0.030797
453,,,3,3,6,3,3,6,0,1115,0
454,,,3,3,6,3,3,6,0,1115,0
455,,,10,8,18,10,8,18,0,1115,0.077778
456,,,1,1,2,1,1,2,0,1115,0
457,,,1,2,3,1,2,3,0,1115,0
416,,,16,16,32,16,16,32,0,1115,0.079167
458,,,2,2,4,2,2,4,0,1115,0
459,,,2,4,6,2,4,6,0,1115,0
460,,,2,5,7,2,5,7,0,1115,0.2
464,,,4,5,9,4,5,9,0,1115,0.2
465,,,14,11,25,14,11,25,0,1115,0.208791
466,,,2,2,4,2,2,4,0,1115,0
467,,,4,3,7,4,3,7,0,1115,0.25
468,,,59,62,121,59,62,121,0,1115,0.050691
463,,,5,4,9,5,4,9,0,1115,0.15
469,,,14,15,29,14,15,29,0,1115,0.057143
462,,,15,13,28,15,13,28,0,1115,0.016667
470,,,2,2,4,2,2,4,0,1115,0
471,,,1,1,2,1,1,2,0,1115,0
472,,,15,4,19,15,4,19,0,1115,0.171429
473,,,1,1,2,1,1,2,0,1115,0
369,,,1,0,1,1,0,1,0,187,0
425,,,25,31,56,25,31,56,0,1115,0.249249
417,,,7,8,15,7,8,15,0,1115,0.088889
475,,,9,9,18,9,9,18,0,1115,0
476,,,16,16,32,16,16,32,0,1115,0.01462
197,,,3,0,3,3,0,3,0,519,0.333333
477,,,3,2,5,3,2,5,0,1115,0
478,,,3,2,5,3,2,5,0,1115,0
424,,,3,3,6,3,3,6,0,1115,0.666667
479,,,5,6,11,5,6,11,0,1115,0
376,,,1,0,1,1,0,1,0,185,0
373,,,1,0,1,1,0,1,0,184,0
420,,,1,0,1,1,0,1,0,183,0
480,,,15,16,31,15,16,31,0,1115,0.095833
398,,,1,1,2,1,1,2,0,1115,0
481,,,37,36,73,37,36,73,0,1115,0.121916
482,,,1,1,2,1,1,2,0,1115,0
483,,,1,0,1,1,0,1,0,246,0
484,,,22,26,48,22,26,48,0,1115,0.076923
485,,,1,1,2,1,1,2,0,1115,0
486,,,4,4,8,4,4,8,0,1115,0.25
487,,,2,0,2,2,0,2,0,404,1
488,,,9,9,18,9,9,18,0,1115,0.138889
489,,,10,10,20,10,10,20,0,1115,0.066667
490,,,2,3,5,2,3,5,0,1115,0
492,,,53,50,103,53,50,103,0,1115,0.056704
493,,,17,18,35,17,18,35,0,1115,0.097619
494,,,8,9,17,8,9,17,0,1115,0.166667
447,,,3,3,6,3,3,6,0,1115,0.666667
495,,,11,13,24,11,13,24,0,1115,0.051282
496,,,3,4,7,3,4,7,0,1115,0
497,,,4,3,7,4,3,7,0,1115,0
499,,,6,6,12,6,6,12,0,1115,0.047619
500,,,5,7,12,5,7,12,0,1115,0.089286
501,,,4,4,8,4,4,8,0,1115,0.25
502,,,12,10,22,12,10,22,0,1115,0.05303
491,,,18,19,37,18,19,37,0,1115,0.047368
503,,,2,2,4,2,2,4,0,1115,0
504,,,1,0,1,1,0,1,0,192,0
505,,,1,1,2,1,1,2,0,1115,0
506,,,2,4,6,2,4,6,0,1115,0.166667
498,,,2,3,5,2,3,5,0,1115,0.166667
507,,,3,4,7,3,4,7,0,1115,0.1
331,,,2,1,3,2,1,3,0,1115,0
508,,,4,4,8,4,4,8,0,1115,0
509,,,3,4,7,3,4,7,0,1115,0.333333
510,,,2,2,4,2,2,4,0,1115,1
511,,,1,1,2,1,1,2,0,1115,0
512,,,4,3,7,4,3,7,0,1115,0.333333
513,,,2,2,4,2,2,4,0,1115,1
514,,,5,5,10,5,5,10,0,1115,0
515,,,2,2,4,2,2,4,0,1115,0
516,,,5,5,10,5,5,10,0,1115,0.2
517,,,3,3,6,3,3,6,0,1115,0
422,,,1,0,1,1,0,1,0,177,0
518,,,5,5,10,5,5,10,0,1115,0
337,,,1,0,1,1,0,1,0,176,0
519,,,1,1,2,1,1,2,0,1115,1
520,,,18,19,37,18,19,37,0,1115,0.040936
381,,,1,0,1,1,0,1,0,175,0
521,,,10,10,20,10,10,20,0,1115,0.163636
362,,,1,0,1,1,0,1,0,174,0
522,,,34,34,68,34,34,68,0,1115,0.128571
523,,,60,45,105,60,45,105,0,1115,0.026923
524,,,1,1,2,1,1,2,0,1115,0
364,,,1,0,1,1,0,1,0,173,0
413,,,1,0,1,1,0,1,0,172,0
525,,,2,2,4,2,2,4,0,1115,0
361,,,47,80,127,47,80,127,0,1115,0.116753
526,,,4,4,8,4,4,8,0,1115,0.166667
527,,,2,2,4,2,2,4,0,1115,0
529,,,1,1,2,1,1,2,0,1115,0
530,,,11,10,21,11,10,21,0,1115,0.090909
531,,,1,1,2,1,1,2,0,1115,0
532,,,3,4,7,3,4,7,0,1115,0.166667
533,,,13,15,28,13,15,28,0,1115,0.091667
534,,,10,8,18,10,8,18,0,1115,0.072727
535,,,27,16,43,27,16,43,0,1115,0.046798
536,,,4,4,8,4,4,8,0,1115,0.25
537,,,54,56,110,54,56,110,0,1115,0.095433
538,,,9,8,17,9,8,17,0,1115,0.111111
539,,,18,19,37,18,19,37,0,1115,0.05336
540,,,43,47,90,43,47,90,0,1115,0.107993
541,,,1,1,2,1,1,2,0,1115,0
419,,,7,7,14,7,7,14,0,1115,0
542,,,3,3,6,3,3,6,0,1115,0.333333
335,,,1,0,1,1,0,1,0,171,0
543,,,1,1,2,1,1,2,0,1115,0
544,,,2,2,4,2,2,4,0,1115,0
545,,,79,23,102,79,23,102,0,1115,0.073051
546,,,144,167,311,144,167,311,0,1115,0.040376
547,,,15,17,32,15,17,32,0,1115,0.110294
548,,,5,3,8,5,3,8,0,1115,0.1
549,,,2,2,4,2,2,4,0,1115,0
426,,,1,0,1,1,0,1,0,170,0
550,,,44,51,95,44,51,95,0,1115,0.165457
552,,,1,1,2,1,1,2,0,1115,0
553,,,2,1,3,2,1,3,0,1115,0
554,,,9,8,17,9,8,17,0,1115,0.027778
555,,,1,2,3,1,2,3,0,1115,0
556,,,2,1,3,2,1,3,0,1115,0
557,,,3,3,6,3,3,6,0,1115,0.083333
558,,,3,2,5,3,2,5,0,1115,0
559,,,3,3,6,3,3,6,0,1115,0
560,,,2,2,4,2,2,4,0,1115,0
561,,,10,8,18,10,8,18,0,1115,0.055556
562,,,2,2,4,2,2,4,0,1115,0
563,,,8,9,17,8,9,17,0,1115,0.044444
564,,,5,5,10,5,5,10,0,1115,0.2
565,,,1,1,2,1,1,2,0,1115,0
566,,,9,8,17,9,8,17,0,1115,0.097222
551,,,2,0,2,2,0,2,0,403,1
567,,,3,3,6,3,3,6,0,1115,0
569,,,2,3,5,2,3,5,0,1115,0.666667
570,,,18,19,37,18,19,37,0,1115,0.023392
571,,,6,5,11,6,5,11,0,1115,0.2
572,,,2,2,4,2,2,4,0,1115,0
573,,,5,5,10,5,5,10,0,1115,0.1
575,,,1,1,2,1,1,2,0,1115,0
474,,,1,1,2,1,1,2,0,1115,0
577,,,8,7,15,8,7,15,0,1115,0.035714
578,,,9,9,18,9,9,18,0,1115,0.027778
528,,,1,1,2,1,1,2,0,1115,0
580,,,1,1,2,1,1,2,0,1115,0
581,,,1,2,3,1,2,3,0,1115,0
582,,,2,1,3,2,1,3,0,1115,1
583,,,4,3,7,4,3,7,0,1115,0
584,,,1,1,2,1,1,2,0,1115,0
585,,,9,10,19,9,10,19,0,1115,0.022222
586,,,4,4,8,4,4,8,0,1115,0
587,,,5,5,10,5,5,10,0,1115,0.05
589,,,2,2,4,2,2,4,0,1115,0
590,,,6,1,7,6,1,7,0,1115,0.133333
592,,,55,56,111,55,56,111,0,1115,0.117208
579,,,15,13,28,15,13,28,0,1115,0.214286
343,,,1,0,1,1,0,1,0,169,0
594,,,4,2,6,4,2,6,0,1115,0.5
595,,,2,1,3,2,1,3,0,1115,0
596,,,1,1,2,1,1,2,0,1115,0
597,,,3,2,5,3,2,5,0,1115,0
588,,,2,2,4,2,2,4,0,1115,0.333333
598,,,9,8,17,9,8,17,0,1115,0.055556
599,,,1,1,2,1,1,2,0,1115,0
600,,,1,1,2,1,1,2,0,1115,0
601,,,1,1,2,1,1,2,0,1115,0
602,,,1,1,2,1,1,2,0,1115,0
603,,,1,1,2,1,1,2,0,1115,0
604,,,1,1,2,1,1,2,0,1115,0
591,,,4,4,8,4,4,8,0,1115,0
605,,,4,4,8,4,4,8,0,1115,0.166667
606,,,15,16,31,15,16,31,0,1115,0.058824
607,,,1,1,2,1,1,2,0,1115,0
608,,,8,8,16,8,8,16,0,1115,0.142857
609,,,1,1,2,1,1,2,0,1115,0
610,,,6,6,12,6,6,12,0,1115,0.133333
611,,,1,1,2,1,1,2,0,1115,0
612,,,1,1,2,1,1,2,0,1115,0
613,,,1,1,2,1,1,2,0,1115,0
614,,,2,2,4,2,2,4,0,1115,0
615,,,1,1,2,1,1,2,0,1115,0
617,,,3,4,7,3,4,7,0,1115,0.166667
618,,,1,1,2,1,1,2,0,1115,0
619,,,2,2,4,2,2,4,0,1115,1
620,,,3,3,6,3,3,6,0,1115,0.666667
621,,,9,9,18,9,9,18,0,1115,0.138889
622,,,1,1,2,1,1,2,0,1115,0
623,,,3,3,6,3,3,6,0,1115,0
616,,,6,7,13,6,7,13,0,1115,0.095238
593,,,3,4,7,3,4,7,0,1115,0.333333
624,,,1,1,2,1,1,2,0,1115,0
625,,,17,21,38,17,21,38,0,1115,0.177866
626,,,6,9,15,6,9,15,0,1115,0.041667
628,,,16,14,30,16,14,30,0,1115,0.014706
629,,,2,2,4,2,2,4,0,1115,0
630,,,28,28,56,28,28,56,0,1115,0.055419
631,,,1,1,2,1,1,2,0,1115,0
627,,,4,4,8,4,4,8,0,1115,0
632,,,22,21,43,22,21,43,0,1115,0.057312
633,,,8,7,15,8,7,15,0,1115,0.089286
634,,,33,34,67,33,34,67,0,1115,0.037538
635,,,29,31,60,29,31,60,0,1115,0.103387
636,,,1,1,2,1,1,2,0,1115,0
637,,,1,2,3,1,2,3,0,1115,1
638,,,2,2,4,2,2,4,0,1115,0
639,,,2,2,4,2,2,4,0,1115,0
344,,,1,0,1,1,0,1,0,168,0
642,,,9,8,17,9,8,17,0,1115,0.013889
643,,,4,2,6,4,2,6,0,1115,0.333333
644,,,11,13,24,11,13,24,0,1115,0.057692
647,,,29,27,56,29,27,56,0,1115,0.063218
648,,,1,1,2,1,1,2,0,1115,0
649,,,2,2,4,2,2,4,0,1115,0
650,,,9,10,19,9,10,19,0,1115,0.088889
651,,,10,9,19,10,9,19,0,1115,0.044444
652,,,3,3,6,3,3,6,0,1115,0.333333
653,,,4,4,8,4,4,8,0,1115,0
654,,,16,14,30,16,14,30,0,1115,0.058333
655,,,2,3,5,2,3,5,0,1115,0
656,,,3,3,6,3,3,6,0,1115,0.333333
658,,,5,6,11,5,6,11,0,1115,0.133333
660,,,1,2,3,1,2,3,0,1115,0
661,,,3,4,7,3,4,7,0,1115,0
662,,,1,1,2,1,1,2,0,1115,0
663,,,2,2,4,2,2,4,0,1115,0
664,,,38,40,78,38,40,78,0,1115,0.070267
574,,,2,1,3,2,1,3,0,1115,0
659,,,1,2,3,1,2,3,0,1115,0
665,,,2,2,4,2,2,4,0,1115,0
666,,,4,4,8,4,4,8,0,1115,0.166667
667,,,8,8,16,8,8,16,0,1115,0
668,,,1,1,2,1,1,2,0,1115,0
670,,,2,2,4,2,2,4,0,1115,0
671,,,1,1,2,1,1,2,0,1115,0
672,,,3,1,4,3,1,4,0,1115,0
674,,,2,2,4,2,2,4,0,1115,0
675,,,1,1,2,1,1,2,0,1115,0
676,,,2,2,4,2,2,4,0,1115,0
677,,,2,2,4,2,2,4,0,1115,0
678,,,7,8,15,7,8,15,0,1115,0.035714
679,,,1,1,2,1,1,2,0,1115,0
680,,,8,8,16,8,8,16,0,1115,0
681,,,3,3,6,3,3,6,0,1115,0.333333
682,,,1,0,1,1,0,1,0,222,0
669,,,2,0,2,2,0,2,0,134,0
684,,,1,1,2,1,1,2,0,1115,0
685,,,2,3,5,2,3,5,0,1115,0
686,,,2,2,4,2,2,4,0,1115,0.5
687,,,47,46,93,47,46,93,0,1115,0.036341
688,,,5,6,11,5,6,11,0,1115,0.066667
689,,,6,6,12,6,6,12,0,1115,0.066667
690,,,2,1,3,2,1,3,0,1115,0
691,,,5,7,12,5,7,12,0,1115,0.047619
692,,,2,0,2,2,0,2,0,252,1
693,,,1,1,2,1,1,2,0,1115,0
694,,,1,0,1,1,0,1,0,795,0
695,,,2,1,3,2,1,3,0,794,0
696,,,2,2,4,2,2,4,0,794,0
683,,,1,1,2,1,1,2,0,1115,0
646,,,1,1,2,1,1,2,0,1115,0
698,,,1,1,2,1,1,2,0,1115,0
697,,,4,4,8,4,4,8,0,1115,0.5
699,,,2,2,4,2,2,4,0,1115,0
700,,,12,13,25,12,13,25,0,1115,0.115385
701,,,5,6,11,5,6,11,0,1115,0.066667
702,,,2,2,4,2,2,4,0,1115,0
703,,,3,2,5,3,2,5,0,1115,0
641,,,5,6,11,5,6,11,0,1115,0.066667
705,,,16,15,31,16,15,31,0,1115,0.161765
706,,,1,1,2,1,1,2,0,1115,0
708,,,3,3,6,3,3,6,0,1115,0
707,,,6,6,12,6,6,12,0,1115,0.066667
704,,,1,1,2,1,1,2,0,1115,0
709,,,4,3,7,4,3,7,0,1115,0.166667
710,,,23,28,51,23,28,51,0,1115,0.046798
711,,,1,1,2,1,1,2,0,1115,0
712,,,1,1,2,1,1,2,0,1115,0
714,,,17,17,34,17,17,34,0,1115,0.068421
717,,,1,1,2,1,1,2,0,1115,0
718,,,3,4,7,3,4,7,0,1115,0
719,,,1,1,2,1,1,2,0,1115,0
720,,,2,2,4,2,2,4,0,1115,0
721,,,1,1,2,1,1,2,0,1115,0
722,,,6,7,13,6,7,13,0,1115,0.089286
723,,,1,1,2,1,1,2,0,1115,0
724,,,2,3,5,2,3,5,0,1115,0
725,,,25,25,50,25,25,50,0,1115,0.037037
726,,,7,6,13,7,6,13,0,1115,0.107143
727,,,2,2,4,2,2,4,0,1115,0
640,,,8,7,15,8,7,15,0,1115,0.142857
728,,,2,2,4,2,2,4,0,1115,0
730,,,3,0,3,3,0,3,0,407,0
729,,,54,54,108,54,54,108,0,1115,0.139098
715,,,3,2,5,3,2,5,0,1115,0
731,,,1,1,2,1,1,2,0,1115,0
732,,,36,36,72,36,36,72,0,1115,0.026991
733,,,9,8,17,9,8,17,0,1115,0.022222
734,,,3,3,6,3,3,6,0,1115,0
735,,,9,7,16,9,7,16,0,1115,0.055556
736,,,1,1,2,1,1,2,0,1115,0
737,,,1,1,2,1,1,2,0,1115,0
738,,,1,1,2,1,1,2,0,1115,0
673,,,5,4,9,5,4,9,0,1115,0.1
716,,,5,4,9,5,4,9,0,1115,0.1
739,,,1,1,2,1,1,2,0,1115,0
740,,,1,1,2,1,1,2,0,1115,0
741,,,2,2,4,2,2,4,0,1115,0
742,,,17,16,33,17,16,33,0,1115,0.045752
743,,,3,3,6,3,3,6,0,1115,0.166667
744,,,4,3,7,4,3,7,0,1115,0.333333
745,,,1,1,2,1,1,2,0,1115,0
746,,,1,1,2,1,1,2,0,1115,0
747,,,1,1,2,1,1,2,0,1115,0
748,,,2,2,4,2,2,4,0,1115,0
749,,,1,1,2,1,1,2,0,1115,0
750,,,1,0,1,1,0,1,0,383,0
751,,,2,2,4,2,2,4,0,1115,0
576,,,5,6,11,5,6,11,0,1115,0.166667
752,,,1,1,2,1,1,2,0,1115,0
753,,,3,4,7,3,4,7,0,1115,0.333333
754,,,1,1,2,1,1,2,0,1115,0
755,,,7,7,14,7,7,14,0,1115,0
756,,,2,0,2,2,0,2,0,213,0
757,,,11,10,21,11,10,21,0,1115,0.009091
758,,,1,1,2,1,1,2,0,1115,0
759,,,1,1,2,1,1,2,0,1115,0
761,,,1,1,2,1,1,2,0,1115,0
763,,,3,1,4,3,1,4,0,1115,0
657,,,1,1,2,1,1,2,0,1115,0
764,,,2,2,4,2,2,4,0,1115,0
765,,,1,1,2,1,1,2,0,1115,0
766,,,1,1,2,1,1,2,0,1115,0
767,,,12,12,24,12,12,24,0,1115,0.090909
768,,,7,6,13,7,6,13,0,1115,0
769,,,4,4,8,4,4,8,0,1115,0
770,,,23,23,46,23,23,46,0,1115,0.06
772,,,1,1,2,1,1,2,0,1115,0
773,,,2,2,4,2,2,4,0,1115,1
774,,,2,1,3,2,1,3,0,1115,0
775,,,56,58,114,56,58,114,0,1115,0.035167
776,,,3,3,6,3,3,6,0,1115,0
777,,,16,10,26,16,10,26,0,1115,0.058333
760,,,9,7,16,9,7,16,0,1115,0.009091
778,,,2,2,4,2,2,4,0,1115,0
779,,,10,12,22,10,12,22,0,1115,0.318182
780,,,14,12,26,14,12,26,0,1115,0.027473
781,,,11,9,20,11,9,20,0,1115,0.075758
782,,,3,2,5,3,2,5,0,1115,0
783,,,1,1,2,1,1,2,0,1115,0
784,,,3,4,7,3,4,7,0,1115,0
785,,,1,1,2,1,1,2,0,1115,0
786,,,8,9,17,8,9,17,0,1115,0.055556
787,,,3,3,6,3,3,6,0,1115,0
788,,,4,4,8,4,4,8,0,1115,0.05
789,,,1,1,2,1,1,2,0,1115,0
790,,,2,2,4,2,2,4,0,1115,0
791,,,5,5,10,5,5,10,0,1115,0.05
792,,,2,3,5,2,3,5,0,1115,0.333333
793,,,3,3,6,3,3,6,0,1115,0.333333
794,,,3,3,6,3,3,6,0,1115,0
795,,,5,5,10,5,5,10,0,1115,0.1
796,,,1,1,2,1,1,2,0,1115,0
797,,,1,1,2,1,1,2,0,1115,0
798,,,2,3,5,2,3,5,0,1115,0
799,,,3,4,7,3,4,7,0,1115,0
800,,,1,1,2,1,1,2,0,1115,0
801,,,9,10,19,9,10,19,0,1115,0.077778
802,,,7,7,14,7,7,14,0,1115,0.142857
803,,,1,1,2,1,1,2,0,1115,0
804,,,6,10,16,6,10,16,0,1115,0.090909
805,,,4,2,6,4,2,6,0,1115,0.083333
806,,,1,0,1,1,0,1,0,235,0
808,,,1,1,2,1,1,2,0,1115,0
762,,,3,3,6,3,3,6,0,1115,0
809,,,1,1,2,1,1,2,0,1115,0
810,,,1,1,2,1,1,2,0,1115,0
811,,,3,3,6,3,3,6,0,1115,0.333333
812,,,4,4,8,4,4,8,0,1115,0.166667
813,,,1,1,2,1,1,2,0,1115,0
814,,,1,1,2,1,1,2,0,1115,0
815,,,2,2,4,2,2,4,0,1115,0
816,,,1,1,2,1,1,2,0,1115,0
817,,,2,2,4,2,2,4,0,1115,0
818,,,3,3,6,3,3,6,0,1115,0
819,,,2,1,3,2,1,3,0,216,0
820,,,7,5,12,7,5,12,0,1115,0.214286
821,,,1,1,2,1,1,2,0,1115,0
823,,,19,20,39,19,20,39,0,1115,0.161905
9,,,1,1,2,1,1,2,0,1115,0
824,,,8,8,16,8,8,16,0,1115,0.125
826,,,2,2,4,2,2,4,0,1115,1
827,,,9,6,15,9,6,15,0,1115,0.097222
828,,,1,2,3,1,2,3,0,1115,0
829,,,2,0,2,2,0,2,0,393,0
830,,,3,3,6,3,3,6,0,1115,0
831,,,1,0,1,1,0,1,0,167,0
833,,,2,2,4,2,2,4,0,1115,0
834,,,3,0,3,3,0,3,0,145,0
835,,,4,4,8,4,4,8,0,1115,0
836,,,1,1,2,1,1,2,0,1115,0
837,,,2,2,4,2,2,4,0,1115,0
838,,,8,9,17,8,9,17,0,1115,0.244444
839,,,2,2,4,2,2,4,0,1115,0
840,,,1,0,1,1,0,1,0,379,0
832,,,92,77,169,92,77,169,0,1115,0.022229
841,,,3,4,7,3,4,7,0,1115,0.333333
842,,,3,4,7,3,4,7,0,1115,0
843,,,1,1,2,1,1,2,0,1115,0
844,,,1,2,3,1,2,3,0,1115,0
845,,,2,2,4,2,2,4,0,1115,0
846,,,7,7,14,7,7,14,0,1115,0.107143
847,,,5,5,10,5,5,10,0,1115,0.05
848,,,1,1,2,1,1,2,0,1115,0
849,,,2,2,4,2,2,4,0,1115,0
850,,,2,1,3,2,1,3,0,1115,0
851,,,4,5,9,4,5,9,0,1115,0.1
852,,,1,1,2,1,1,2,0,1115,0
853,,,8,8,16,8,8,16,0,1115,0.013889
854,,,2,1,3,2,1,3,0,1115,0
855,,,1,1,2,1,1,2,0,1115,0
856,,,14,14,28,14,14,28,0,1115,0.114379
857,,,2,2,4,2,2,4,0,1115,0
858,,,1,0,1,1,0,1,0,253,0
859,,,1,1,2,1,1,2,0,1115,0
860,,,1,1,2,1,1,2,0,1115,0
861,,,9,4,13,9,4,13,0,1115,0.083333
862,,,11,10,21,11,10,21,0,1115,0.081818
863,,,2,2,4,2,2,4,0,1115,0
864,,,3,3,6,3,3,6,0,1115,0
771,,,1,0,1,1,0,1,0,394,0
865,,,2,1,3,2,1,3,0,1115,0
866,,,4,4,8,4,4,8,0,1115,0.166667
867,,,3,2,5,3,2,5,0,1115,0.333333
868,,,1,1,2,1,1,2,0,1115,0
869,,,2,1,3,2,1,3,0,1115,0
870,,,6,9,15,6,9,15,0,1115,0.319444
871,,,3,1,4,3,1,4,0,1115,0
872,,,4,3,7,4,3,7,0,1115,0.166667
873,,,2,2,4,2,2,4,0,1115,0
874,,,2,2,4,2,2,4,0,1115,0
875,,,5,5,10,5,5,10,0,1115,0
876,,,1,2,3,1,2,3,0,1115,0
877,,,2,2,4,2,2,4,0,1115,0
878,,,1,1,2,1,1,2,0,1115,0
879,,,2,2,4,2,2,4,0,1115,0
880,,,2,2,4,2,2,4,0,1115,1
883,,,1,1,2,1,1,2,0,794,0
882,,,53,56,109,53,56,109,0,1115,0.096875
884,,,1,1,2,1,1,2,0,1115,0
886,,,2,2,4,2,2,4,0,1115,1
887,,,1,1,2,1,1,2,0,1115,0
888,,,1,1,2,1,1,2,0,1115,0
890,,,1,0,1,1,0,1,0,250,0
891,,,2,2,4,2,2,4,0,1115,0.5
892,,,6,7,13,6,7,13,0,1115,0.095238
893,,,1,1,2,1,1,2,0,1115,0
822,,,4,0,4,4,0,4,0,75,0
894,,,13,12,25,13,12,25,0,1115,0.054167
895,,,1,0,1,1,0,1,0,489,0
896,,,7,0,7,7,0,7,0,64,0.095238
897,,,1,2,3,1,2,3,0,1115,0
898,,,2,2,4,2,2,4,0,1115,1
899,,,3,4,7,3,4,7,0,1115,0
900,,,12,12,24,12,12,24,0,1115,0.057692
901,,,1,1,2,1,1,2,0,1115,0
902,,,4,2,6,4,2,6,0,1115,0
903,,,5,6,11,5,6,11,0,1115,0
904,,,6,8,14,6,8,14,0,1115,0
906,,,9,7,16,9,7,16,0,1115,0.155556
907,,,6,7,13,6,7,13,0,1115,0
908,,,54,44,98,54,44,98,0,1115,0.029293
910,,,3,2,5,3,2,5,0,1115,0
911,,,2,4,6,2,4,6,0,1115,0.166667
912,,,2,3,5,2,3,5,0,1115,0
913,,,4,4,8,4,4,8,0,1115,0
909,,,1,1,2,1,1,2,0,1115,0
914,,,1,1,2,1,1,2,0,1115,0
915,,,3,3,6,3,3,6,0,1115,0.166667
916,,,1,1,2,1,1,2,0,1115,0
917,,,10,10,20,10,10,20,0,1115,0.018182
918,,,1,1,2,1,1,2,0,1115,0
919,,,1,1,2,1,1,2,0,1115,0
920,,,9,9,18,9,9,18,0,1115,0.166667
921,,,12,12,24,12,12,24,0,1115,0.075758
922,,,9,8,17,9,8,17,0,1115,0.013889
924,,,1,1,2,1,1,2,0,1115,0
925,,,21,21,42,21,21,42,0,1115,0.088745
926,,,3,3,6,3,3,6,0,1115,0
927,,,3,3,6,3,3,6,0,1115,0.5
928,,,7,5,12,7,5,12,0,1115,0.261905
929,,,14,9,23,14,9,23,0,1115,0.049451
930,,,2,1,3,2,1,3,0,1115,0
931,,,6,5,11,6,5,11,0,1115,0.333333
933,,,1,1,2,1,1,2,0,1115,0
934,,,2,2,4,2,2,4,0,1115,0
936,,,1,0,1,1,0,1,0,215,0
937,,,57,56,113,57,56,113,0,1115,0.050125
885,,,6,6,12,6,6,12,0,1115,0.066667
938,,,2,1,3,2,1,3,0,1115,0
923,,,31,31,62,31,31,62,0,1115,0.055258
939,,,2,2,4,2,2,4,0,1115,0
940,,,2,2,4,2,2,4,0,1115,0
942,,,2,1,3,2,1,3,0,1115,0
943,,,7,7,14,7,7,14,0,1115,0
944,,,1,1,2,1,1,2,0,1115,0
946,,,2,2,4,2,2,4,0,1115,0
947,,,1,1,2,1,1,2,0,1115,0
889,,,1,2,3,1,2,3,0,1115,0
941,,,2,3,5,2,3,5,0,1115,0
948,,,4,4,8,4,4,8,0,1115,0.166667
949,,,1,0,1,1,0,1,0,258,0
950,,,4,4,8,4,4,8,0,1115,0.166667
951,,,1,1,2,1,1,2,0,1115,0
952,,,1,1,2,1,1,2,0,1115,0
954,,,3,2,5,3,2,5,0,1115,0
932,,,1,2,3,1,2,3,0,1115,1
955,,,1,1,2,1,1,2,0,1115,0
956,,,1,1,2,1,1,2,0,1115,0
957,,,3,2,5,3,2,5,0,1115,0
959,,,3,2,5,3,2,5,0,1115,0.333333
960,,,2,2,4,2,2,4,0,1115,0
961,,,4,4,8,4,4,8,0,1115,0.083333
963,,,6,6,12,6,6,12,0,1115,0
964,,,1,1,2,1,1,2,0,1115,0
966,,,1,1,2,1,1,2,0,1115,0
967,,,10,10,20,10,10,20,0,1115,0.036364
968,,,1,2,3,1,2,3,0,1115,0
935,,,7,6,13,7,6,13,0,1115,0.166667
965,,,1,0,1,1,0,1,0,392,0
969,,,1,1,2,1,1,2,0,1115,0
825,,,1,1,2,1,1,2,0,1115,0
970,,,1,1,2,1,1,2,0,1115,0
971,,,1,0,1,1,0,1,0,150,0
972,,,6,7,13,6,7,13,0,1115,0.017857
973,,,2,2,4,2,2,4,0,1115,0
974,,,1,1,2,1,1,2,0,1115,0
975,,,5,4,9,5,4,9,0,1115,0.05
976,,,1,1,2,1,1,2,0,1115,0
977,,,2,2,4,2,2,4,0,1115,0
953,,,7,8,15,7,8,15,0,1115,0
978,,,16,14,30,16,14,30,0,1115,0.008333
979,,,1,1,2,1,1,2,0,1115,0
980,,,1,1,2,1,1,2,0,1115,0
981,,,2,2,4,2,2,4,0,1115,0
982,,,5,5,10,5,5,10,0,1115,0
983,,,1,1,2,1,1,2,0,1115,0
984,,,5,5,10,5,5,10,0,1115,0.366667
985,,,1,1,2,1,1,2,0,1115,0
986,,,2,2,4,2,2,4,0,1115,0
987,,,2,2,4,2,2,4,0,1115,0
988,,,12,13,25,12,13,25,0,1115,0.065934
989,,,1,1,2,1,1,2,0,1115,0
990,,,1,1,2,1,1,2,0,1115,0
991,,,2,0,2,2,0,2,0,180,0
993,,,1,1,2,1,1,2,0,1115,0
994,,,2,3,5,2,3,5,0,1115,0
995,,,4,2,6,4,2,6,0,1115,0
905,,,264,264,528,264,264,528,0,1115,0.041526
996,,,1,1,2,1,1,2,0,1115,0
997,,,3,2,5,3,2,5,0,1115,0.166667
999,,,1,1,2,1,1,2,0,1115,0
1000,,,1,1,2,1,1,2,0,1115,0
1001,,,13,10,23,13,10,23,0,1115,0.038462
1002,,,1,1,2,1,1,2,0,1115,0
1003,,,1,1,2,1,1,2,0,1115,0
1004,,,2,1,3,2,1,3,0,1115,0
998,,,1,0,1,1,0,1,0,384,0
1006,,,2,2,4,2,2,4,0,1115,1
1007,,,1,1,2,1,1,2,0,1115,0
1008,,,6,7,13,6,7,13,0,1115,0.047619
1009,,,3,3,6,3,3,6,0,1115,0
1010,,,5,4,9,5,4,9,0,1115,0.1
1011,,,3,3,6,3,3,6,0,1115,0.166667
1012,,,2,1,3,2,1,3,0,1115,0
1013,,,11,9,20,11,9,20,0,1115,0.127273
1015,,,1,1,2,1,1,2,0,1115,0
1016,,,1,1,2,1,1,2,0,1115,0
1017,,,1,1,2,1,1,2,0,1115,0
807,,,1,1,2,1,1,2,0,1115,0
1018,,,179,203,382,179,203,382,0,1115,0.038803
1019,,,3,6,9,3,6,9,0,1115,0
1020,,,4,4,8,4,4,8,0,1115,0.05
1021,,,2,3,5,2,3,5,0,1115,0
1022,,,1,2,3,1,2,3,0,1115,0
1023,,,2,1,3,2,1,3,0,1115,0
1024,,,2,2,4,2,2,4,0,1115,1
1025,,,2,2,4,2,2,4,0,1115,0
1026,,,10,9,19,10,9,19,0,1115,0.144444
1027,,,1,1,2,1,1,2,0,1115,0
1028,,,13,11,24,13,11,24,0,1115,0.019231
1029,,,1,1,2,1,1,2,0,1115,0
1030,,,1,2,3,1,2,3,0,1115,1
1031,,,1,1,2,1,1,2,0,1115,0
1032,,,1,1,2,1,1,2,0,1115,0
1033,,,1,1,2,1,1,2,0,1115,0
1034,,,11,11,22,11,11,22,0,1115,0.136364
1035,,,1,0,1,1,0,1,0,144,0
1036,,,2,3,5,2,3,5,0,1115,0.166667
1037,,,5,4,9,5,4,9,0,1115,0
1038,,,1,0,1,1,0,1,0,158,0
1039,,,1,1,2,1,1,2,0,1115,0
1005,,,13,11,24,13,11,24,0,1115,0.043956
1040,,,2,5,7,2,5,7,0,1115,0.05
1041,,,1,0,1,1,0,1,0,810,0
1042,,,2,2,4,2,2,4,0,1115,0
962,,,11,10,21,11,10,21,0,1115,0.172727
1044,,,13,13,26,13,13,26,0,1115,0.445055
1045,,,2,2,4,2,2,4,0,1115,0
1046,,,1,3,4,1,3,4,0,1115,0
1047,,,1,1,2,1,1,2,0,1115,0
1048,,,4,4,8,4,4,8,0,1115,0.166667
1049,,,1,1,2,1,1,2,0,1115,0
1050,,,3,3,6,3,3,6,0,1115,0.166667
1051,,,2,2,4,2,2,4,0,1115,0
1052,,,8,54,62,8,54,62,0,1115,0.141509
1053,,,46,47,93,46,47,93,0,1115,0.136525
1054,,,2,2,4,2,2,4,0,1115,0
1055,,,2,1,3,2,1,3,0,1115,0
1056,,,2,2,4,2,2,4,0,1115,0
1057,,,2,2,4,2,2,4,0,1115,0
1014,,,3,3,6,3,3,6,0,1115,0
1043,,,15,16,31,15,16,31,0,1115,0.036765
1058,,,1,1,2,1,1,2,0,1115,0
1059,,,1,1,2,1,1,2,0,1115,0
1060,,,1,2,3,1,2,3,0,1115,1
1061,,,1,1,2,1,1,2,0,1115,0
1062,,,6,5,11,6,5,11,0,1115,0
1063,,,3,3,6,3,3,6,0,1115,0
958,,,4,4,8,4,4,8,0,1115,0
1065,,,6,4,10,6,4,10,0,1115,0
1066,,,4,4,8,4,4,8,0,1115,0
992,,,1,1,2,1,1,2,0,1115,0
1068,,,4,2,6,4,2,6,0,1115,0
1069,,,2,1,3,2,1,3,0,1115,0
1070,,,1,1,2,1,1,2,0,1115,0
1071,,,1,1,2,1,1,2,0,1115,0
1073,,,5,5,10,5,5,10,0,1115,0.2
1074,,,4,4,8,4,4,8,0,1115,0
1075,,,1,1,2,1,1,2,0,1115,0
1076,,,2,0,2,2,0,2,0,214,0.5
1077,,,1,1,2,1,1,2,0,1115,0
1078,,,11,11,22,11,11,22,0,1115,0
1079,,,1,1,2,1,1,2,0,1115,0
1080,,,1,1,2,1,1,2,0,1115,0
1081,,,1,1,2,1,1,2,0,1115,0
1082,,,1,1,2,1,1,2,0,1115,0
1083,,,1,1,2,1,1,2,0,1115,0
1084,,,4,3,7,4,3,7,0,1115,0
1085,,,1,1,2,1,1,2,0,1115,0
1086,,,1,1,2,1,1,2,0,1115,0
1087,,,1,1,2,1,1,2,0,1115,0
1088,,,1,1,2,1,1,2,0,1115,0
1089,,,1,1,2,1,1,2,0,1115,0
1072,,,0,1,1,0,1,1,0,1117,0
1090,,,4,4,8,4,4,8,0,1115,0.166667
1091,,,1,0,1,1,0,1,0,70,0
1092,,,12,22,34,12,22,34,0,1115,0.064935
1093,,,1,1,2,1,1,2,0,1115,0.5
1094,,,29,31,60,29,31,60,0,1115,0.058712
1095,,,4,8,12,4,8,12,0,1115,0.214286
1096,,,3,3,6,3,3,6,0,1115,0
1097,,,1,1,2,1,1,2,0,1115,0
1100,,,13,12,25,13,12,25,0,1115,0.019231
1098,,,12,11,23,12,11,23,0,1115,0.041667
881,,,1,1,2,1,1,2,0,1115,0
1099,,,2,2,4,2,2,4,0,1115,0
1101,,,1,1,2,1,1,2,0,1115,0
1102,,,1,1,2,1,1,2,0,1115,0
1103,,,1,1,2,1,1,2,0,1115,0
1104,,,5,6,11,5,6,11,0,1115,0.071429
1105,,,2,3,5,2,3,5,0,1115,0
1106,,,2,2,4,2,2,4,0,1115,0.5
1107,,,6,7,13,6,7,13,0,1115,0.071429
1108,,,1,1,2,1,1,2,0,1115,0
461,,,1,1,2,1,1,2,0,1115,0
1109,,,1,1,2,1,1,2,0,1115,0
1110,,,2,2,4,2,2,4,0,1115,0
1111,,,1,1,2,1,1,2,0,1115,0
1112,,,2,3,5,2,3,5,0,1115,0
1113,,,5,5,10,5,5,10,0,1115,0.3
1114,,,2,2,4,2,2,4,0,1115,1
1116,,,2,0,2,2,0,2,0,136,0
1117,,,1,1,2,1,1,2,0,1115,0
1118,,,1,1,2,1,1,2,0,1115,0
1119,,,6,5,11,6,5,11,0,1115,0
1120,,,1,1,2,1,1,2,0,1115,0
1121,,,2,2,4,2,2,4,0,1115,0
1122,,,1,1,2,1,1,2,0,1115,0
1123,,,1,0,1,1,0,1,0,159,0
1124,,,1,1,2,1,1,2,0,1115,0
1125,,,1,1,2,1,1,2,0,1115,0
1126,,,1,1,2,1,1,2,0,1115,0
1127,,,2,3,5,2,3,5,0,1115,0.333333
1128,,,7,7,14,7,7,14,0,1115,0.095238
1129,,,3,3,6,3,3,6,0,1115,0
1130,,,2,4,6,2,4,6,0,1115,0.166667
1132,,,2,2,4,2,2,4,0,1115,0
1133,,,3,4,7,3,4,7,0,1115,0.166667
1134,,,3,3,6,3,3,6,0,1115,0
1136,,,1,0,1,1,0,1,0,1107,0
1137,,,1,0,1,1,0,1,0,1106,0
1138,,,1,0,1,1,0,1,0,229,0
1139,,,6,5,11,6,5,11,0,1115,0.125
1140,,,4,0,4,4,0,4,0,231,0.5
1141,,,2,0,2,2,0,2,0,234,0.5
1142,,,2,0,2,2,0,2,0,233,0.5
1143,,,6,4,10,6,4,10,0,1115,0.236111
1144,,,2,0,2,2,0,2,0,232,0.5
1145,,,6,2,8,6,2,8,0,1115,0.3
1146,,,1,1,2,1,1,2,0,1115,0
1147,,,2,3,5,2,3,5,0,1115,0
1135,,,1,1,2,1,1,2,0,1115,0
1148,,,1,0,1,1,0,1,0,146,0
1149,,,1,1,2,1,1,2,0,1115,0
1150,,,1,1,2,1,1,2,0,1115,0
1151,,,1,0,1,1,0,1,0,149,0
1152,,,1,1,2,1,1,2,0,1115,0
1067,,,2,2,4,2,2,4,0,1115,0
1153,,,1,1,2,1,1,2,0,1115,0
945,,,2,2,4,2,2,4,0,1115,1
1154,,,17,2,19,17,2,19,0,1115,0.198529
1155,,,1,0,1,1,0,1,0,249,0
1156,,,1,1,2,1,1,2,0,1115,0
1157,,,1,1,2,1,1,2,0,1115,0
1158,,,1,1,2,1,1,2,0,1115,0
1159,,,6,5,11,6,5,11,0,1115,0
1160,,,1,1,2,1,1,2,0,1115,0
1161,,,1,1,2,1,1,2,0,1115,0
1162,,,68,70,138,68,70,138,0,1115,0.030382
1163,,,1,1,2,1,1,2,0,1115,0
1164,,,2,2,4,2,2,4,0,1115,0
1165,,,3,3,6,3,3,6,0,1115,0
1166,,,4,4,8,4,4,8,0,1115,0
1167,,,1,1,2,1,1,2,0,1115,0
1168,,,3,3,6,3,3,6,0,1115,0
1170,,,2,1,3,2,1,3,0,1115,0
1171,,,1,1,2,1,1,2,0,1115,0
1172,,,1,0,1,1,0,1,0,520,0
1173,,,1,0,1,1,0,1,0,420,0
1174,,,3,3,6,3,3,6,0,1115,0.833333
1175,,,1,1,2,1,1,2,0,1115,0
1176,,,3,4,7,3,4,7,0,1115,0
1177,,,1,1,2,1,1,2,0,1115,0
1178,,,1,0,1,1,0,1,0,227,0
1179,,,2,3,5,2,3,5,0,1115,0.166667
1180,,,1,2,3,1,2,3,0,1115,0
1181,,,2,2,4,2,2,4,0,1115,0
1182,,,1,1,2,1,1,2,0,1115,0
1169,,,1,1,2,1,1,2,0,1115,0
1184,,,1,0,1,1,0,1,0,152,0
1185,,,39,31,70,39,31,70,0,1115,0.046716
1186,,,2,2,4,2,2,4,0,1115,0
1187,,,2,2,4,2,2,4,0,1115,0
1188,,,1,1,2,1,1,2,0,1115,0
1189,,,1,1,2,1,1,2,0,1115,0
1190,,,3,2,5,3,2,5,0,1115,0
1191,,,3,3,6,3,3,6,0,1115,0.25
1192,,,3,4,7,3,4,7,0,1115,0.25
1193,,,1,2,3,1,2,3,0,1115,0
1194,,,1,1,2,1,1,2,0,1115,0
1195,,,1,1,2,1,1,2,0,1115,0
1196,,,3,2,5,3,2,5,0,1115,0
1197,,,2,1,3,2,1,3,0,1115,0
1183,,,2,2,4,2,2,4,0,1115,0
1199,,,2,2,4,2,2,4,0,1115,0
1200,,,5,5,10,5,5,10,0,1115,0
1201,,,58,69,127,58,69,127,0,1115,0.110443
1202,,,3,2,5,3,2,5,0,1115,0
1204,,,14,15,29,14,15,29,0,1115,0.3
1205,,,1,2,3,1,2,3,0,1115,0
1206,,,2,1,3,2,1,3,0,1115,0
1207,,,13,12,25,13,12,25,0,1115,0.131868
1208,,,1,1,2,1,1,2,0,1115,0
1209,,,1,2,3,1,2,3,0,1115,0
1210,,,1,1,2,1,1,2,0,1115,0
1211,,,1,0,1,1,0,1,0,133,0
1212,,,1,1,2,1,1,2,0,1115,0
1213,,,2,1,3,2,1,3,0,1115,0
1214,,,1,2,3,1,2,3,0,1115,0
1215,,,1,1,2,1,1,2,0,1115,0
1216,,,1,1,2,1,1,2,0,1115,0
1217,,,81,79,160,81,79,160,0,1115,0.031411
1218,,,2,1,3,2,1,3,0,1115,1
1219,,,3,3,6,3,3,6,0,1115,0.5
1220,,,1,2,3,1,2,3,0,1115,0
1221,,,1,1,2,1,1,2,0,1115,0
1222,,,12,12,24,12,12,24,0,1115,0.234848
1223,,,2,2,4,2,2,4,0,1115,1
1224,,,1,1,2,1,1,2,0,1115,0
1225,,,2,2,4,2,2,4,0,1115,1
1226,,,5,5,10,5,5,10,0,1115,0.1
1227,,,5,4,9,5,4,9,0,1115,0.1
1228,,,1,1,2,1,1,2,0,1115,0
1198,,,10,10,20,10,10,20,0,1115,0
1229,,,2,2,4,2,2,4,0,1115,0
1230,,,3,2,5,3,2,5,0,1115,0
1231,,,3,3,6,3,3,6,0,1115,0
1232,,,1,1,2,1,1,2,0,1115,0
1233,,,1,1,2,1,1,2,0,1115,0
1234,,,1,1,2,1,1,2,0,1115,0
1235,,,1,1,2,1,1,2,0,1115,0
1237,,,2,3,5,2,3,5,0,1115,0
1238,,,2,0,2,2,0,2,0,390,0
1239,,,7,9,16,7,9,16,0,1115,0.027778
1240,,,1,1,2,1,1,2,0,1115,0
1241,,,2,2,4,2,2,4,0,1115,0
1242,,,3,3,6,3,3,6,0,1115,0
1243,,,5,5,10,5,5,10,0,1115,0.1
1244,,,6,5,11,6,5,11,0,1115,0.142857
1245,,,36,36,72,36,36,72,0,1115,0.083333
1246,,,1,0,1,1,0,1,0,584,0
1247,,,2,2,4,2,2,4,0,1115,0
1248,,,1,1,2,1,1,2,0,1115,0
1249,,,2,2,4,2,2,4,0,1115,0
1250,,,1,1,2,1,1,2,0,1115,0
1252,,,12,13,25,12,13,25,0,1115,0.108974
1251,,,2,2,4,2,2,4,0,1115,0
1253,,,2,2,4,2,2,4,0,1115,0
1236,,,2,2,4,2,2,4,0,1115,0
1254,,,1,1,2,1,1,2,0,1115,0
1255,,,1,1,2,1,1,2,0,1115,0
1256,,,1,1,2,1,1,2,0,1115,0
1257,,,18,14,32,18,14,32,0,1115,0.076023
1258,,,3,4,7,3,4,7,0,1115,0
1259,,,1,1,2,1,1,2,0,1115,0
1260,,,3,3,6,3,3,6,0,1115,0
1261,,,1,1,2,1,1,2,0,1115,0
1262,,,3,3,6,3,3,6,0,1115,0.333333
1263,,,3,3,6,3,3,6,0,1115,0
1264,,,2,2,4,2,2,4,0,1115,1
1265,,,1,1,2,1,1,2,0,1115,0
1266,,,2,2,4,2,2,4,0,1115,0
1269,,,4,3,7,4,3,7,0,1115,0
1270,,,3,3,6,3,3,6,0,1115,0
1271,,,18,21,39,18,21,39,0,1115,0.081028
1272,,,14,11,25,14,11,25,0,1115,0.07619
1273,,,1,1,2,1,1,2,0,1115,0
1064,,,4,4,8,4,4,8,0,1115,0
1274,,,1,1,2,1,1,2,0,1115,0
1268,,,15,13,28,15,13,28,0,1115,0.128571
1275,,,5,5,10,5,5,10,0,1115,0.15
1276,,,1,1,2,1,1,2,0,1115,0
1277,,,11,8,19,11,8,19,0,1115,0.090909
1278,,,1,1,2,1,1,2,0,1115,0
1279,,,2,1,3,2,1,3,0,1115,0
1280,,,1,1,2,1,1,2,0,1115,0
1281,,,55,56,111,55,56,111,0,1115,0.073057
1282,,,2,2,4,2,2,4,0,1115,0.5
1283,,,1,1,2,1,1,2,0,1115,0
1284,,,1,1,2,1,1,2,0,1115,0
713,,,1,0,1,1,0,1,0,583,0
1285,,,1,1,2,1,1,2,0,1115,0
1287,,,1,0,1,1,0,1,0,201,0
1131,,,2,2,4,2,2,4,0,1115,1
1288,,,2,2,4,2,2,4,0,1115,1
1289,,,11,11,22,11,11,22,0,1115,0.05303
1290,,,11,11,22,11,11,22,0,1115,0.128205
1291,,,2,2,4,2,2,4,0,1115,0
1267,,,19,20,39,19,20,39,0,1115,0.113158
1292,,,5,5,10,5,5,10,0,1115,0.2
1293,,,2,2,4,2,2,4,0,1115,1
1294,,,1,0,1,1,0,1,0,1105,0
1295,,,7,6,13,7,6,13,0,1115,0.142857
1296,,,2,1,3,2,1,3,0,1115,0
1297,,,1,0,1,1,0,1,0,128,0
1298,,,1,1,2,1,1,2,0,1115,0
1299,,,3,3,6,3,3,6,0,1115,0.666667
1300,,,2,2,4,2,2,4,0,1115,0
1301,,,4,4,8,4,4,8,0,1115,0.1
1302,,,8,9,17,8,9,17,0,1115,0.1
1304,,,1,1,2,1,1,2,0,1115,0
1305,,,1,1,2,1,1,2,0,1115,0
1306,,,1,1,2,1,1,2,0,1115,0
1307,,,2,2,4,2,2,4,0,1115,0
1308,,,3,0,3,3,0,3,0,248,0.333333
1309,,,1,1,2,1,1,2,0,1115,0
1310,,,3,4,7,3,4,7,0,1115,0
1311,,,1,1,2,1,1,2,0,1115,0
1312,,,12,12,24,12,12,24,0,1115,0.007576
1286,,,4,5,9,4,5,9,0,1115,0.2
1303,,,1,1,2,1,1,2,0,1115,0
1313,,,1,1,2,1,1,2,0,1115,0
1314,,,1,0,1,1,0,1,0,1104,0
1315,,,5,6,11,5,6,11,0,1115,0.133333
1316,,,51,49,100,51,49,100,0,1115,0.23183
1317,,,110,115,225,110,115,225,0,1115,0.080854
1318,,,23,32,55,23,32,55,0,1115,0.092073
1319,,,5,5,10,5,5,10,0,1115,0.1
1320,,,2,3,5,2,3,5,0,1115,0
1321,,,1,1,2,1,1,2,0,1115,0
1322,,,9,8,17,9,8,17,0,1115,0.027778
1323,,,1,1,2,1,1,2,0,1115,0
1324,,,2,2,4,2,2,4,0,1115,0
1325,,,4,5,9,4,5,9,0,1115,0
1326,,,1,1,2,1,1,2,0,1115,0
1328,,,5,5,10,5,5,10,0,1115,0.1
1329,,,1,1,2,1,1,2,0,491,0
1327,,,3,0,3,3,0,3,0,417,0
1330,,,1,1,2,1,1,2,0,1115,0
1331,,,16,2,18,16,2,18,0,1115,0.241667
1332,,,9,7,16,9,7,16,0,1115,0.138889
1333,,,1,1,2,1,1,2,0,1115,0
1115,,,2,2,4,2,2,4,0,1115,0
1335,,,1,0,1,1,0,1,0,809,0
1336,,,1,1,2,1,1,2,0,1115,0
1337,,,2,2,4,2,2,4,0,1115,1
1334,,,164,164,328,164,164,328,0,1115,0.056385
1338,,,3,3,6,3,3,6,0,1115,0
1340,,,1,7,8,1,7,8,0,1115,0.125
1341,,,1,1,2,1,1,2,0,1115,0
1342,,,2,2,4,2,2,4,0,1115,0.333333
1343,,,1,1,2,1,1,2,0,1115,0
1344,,,2,2,4,2,2,4,0,1115,1
1345,,,8,4,12,8,4,12,0,1115,0
1346,,,2,2,4,2,2,4,0,1115,0
1347,,,1,1,2,1,1,2,0,1115,0
1348,,,34,35,69,34,35,69,0,1115,0.120635
1349,,,3,3,6,3,3,6,0,1115,0
1350,,,1,1,2,1,1,2,0,1115,0
1351,,,1,1,2,1,1,2,0,1115,0
1352,,,118,154,272,118,154,272,0,1115,0.053457
1353,,,11,12,23,11,12,23,0,1115,0.384615
1354,,,5,6,11,5,6,11,0,1115,0.2
1355,,,1,1,2,1,1,2,0,1115,0
1356,,,2,2,4,2,2,4,0,1115,0
1357,,,5,4,9,5,4,9,0,1115,0.15
1358,,,4,3,7,4,3,7,0,1115,0
1359,,,2,2,4,2,2,4,0,1115,0
1360,,,1,1,2,1,1,2,0,1115,0
1361,,,1,0,1,1,0,1,0,1103,0
1362,,,2,3,5,2,3,5,0,1115,0.333333
1363,,,44,59,103,44,59,103,0,1115,0.076491
1364,,,1,1,2,1,1,2,0,1115,0
1365,,,1,1,2,1,1,2,0,1115,0
1366,,,44,40,84,44,40,84,0,1115,0.14881
1367,,,1,0,1,1,0,1,0,381,0
1368,,,20,17,37,20,17,37,0,1115,0.092885
1369,,,3,3,6,3,3,6,0,1115,0.833333
1370,,,4,4,8,4,4,8,0,1115,0.333333
1371,,,1,2,3,1,2,3,0,1115,0
1372,,,1,1,2,1,1,2,0,1115,0
1373,,,1,1,2,1,1,2,0,1115,0
1374,,,1,1,2,1,1,2,0,1115,0
1377,,,13,13,26,13,13,26,0,1115,0.010989
1378,,,1,1,2,1,1,2,0,1115,0
1379,,,6,5,11,6,5,11,0,1115,0.1
1380,,,1,1,2,1,1,2,0,1115,0
1381,,,1,1,2,1,1,2,0,1115,0
1382,,,1,1,2,1,1,2,0,1115,0
1383,,,96,66,162,96,66,162,0,1115,0.079197
1384,,,7,6,13,7,6,13,0,1115,0.095238
1385,,,2,2,4,2,2,4,0,1115,0
1387,,,1,0,1,1,0,1,0,199,0
1388,,,1,1,2,1,1,2,0,1115,0
1390,,,1,1,2,1,1,2,0,1115,0
1391,,,2,2,4,2,2,4,0,1115,0
1393,,,4,0,4,4,0,4,0,200,0
1392,,,2,1,3,2,1,3,0,1115,0.5
1394,,,14,12,26,14,12,26,0,1115,0.208333
1395,,,1,0,1,1,0,1,0,481,0
1397,,,1,1,2,1,1,2,0,1115,0
1399,,,1,1,2,1,1,2,0,1115,0
1396,,,118,162,280,118,162,280,0,1115,0.057664
1389,,,2,3,5,2,3,5,0,1115,0
1400,,,14,15,29,14,15,29,0,1115,0.166667
1401,,,3,4,7,3,4,7,0,1115,0
1402,,,4,4,8,4,4,8,0,1115,0.416667
1403,,,21,21,42,21,21,42,0,1115,0.211957
1375,,,5,5,10,5,5,10,0,1115,0.1
1404,,,3,3,6,3,3,6,0,1115,0.333333
1405,,,1,1,2,1,1,2,0,1115,0
1406,,,4,4,8,4,4,8,0,1115,0.166667
1407,,,1,1,2,1,1,2,0,1115,0
1408,,,1,1,2,1,1,2,0,1115,0
1409,,,1,1,2,1,1,2,0,1115,0
1410,,,2,2,4,2,2,4,0,1115,0
1411,,,2,2,4,2,2,4,0,1115,0
1412,,,20,21,41,20,21,41,0,1115,0.157143
1413,,,5,5,10,5,5,10,0,1115,0.25
1414,,,1,0,1,1,0,1,0,1102,0
1415,,,2,2,4,2,2,4,0,1115,0
1376,,,7,12,19,7,12,19,0,1115,0.159091
1416,,,1,1,2,1,1,2,0,1115,0
1417,,,3,4,7,3,4,7,0,1115,0.166667
1418,,,1,1,2,1,1,2,0,1115,0
1419,,,1,1,2,1,1,2,0,1115,0
1420,,,2,2,4,2,2,4,0,1115,0
1421,,,1,2,3,1,2,3,0,1115,0.5
1422,,,2,4,6,2,4,6,0,1115,0
1423,,,1,1,2,1,1,2,0,1115,0
1424,,,1,1,2,1,1,2,0,1115,0
1425,,,1,1,2,1,1,2,0,1115,0
1426,,,3,3,6,3,3,6,0,1115,0
1427,,,1,1,2,1,1,2,0,1115,0
1428,,,1,0,1,1,0,1,0,808,0
1429,,,1,1,2,1,1,2,0,1115,0
1430,,,1,1,2,1,1,2,0,1115,0
1431,,,1,1,2,1,1,2,0,1115,0
1432,,,2,2,4,2,2,4,0,1115,0
1433,,,1,1,2,1,1,2,0,1115,0
1434,,,1,1,2,1,1,2,0,1115,0
1435,,,1,1,2,1,1,2,0,1115,0
1436,,,4,3,7,4,3,7,0,1115,0.166667
1439,,,5,4,9,5,4,9,0,1115,0.2
1440,,,1,0,1,1,0,1,0,1101,0
1441,,,2,2,4,2,2,4,0,1115,0.5
1442,,,2,3,5,2,3,5,0,1115,0.666667
1438,,,3,4,7,3,4,7,0,1115,0.083333
1203,,,1,1,2,1,1,2,0,1115,0
1444,,,2,2,4,2,2,4,0,1115,0
1445,,,1,0,1,1,0,1,0,1100,0
1443,,,3,2,5,3,2,5,0,1115,0.666667
1446,,,2,1,3,2,1,3,0,1115,1
1447,,,4,4,8,4,4,8,0,1115,0.666667
1386,,,134,172,306,134,172,306,0,1115,0.047529
1448,,,1,1,2,1,1,2,0,1115,0
1449,,,1,1,2,1,1,2,0,1115,0
1450,,,1,0,1,1,0,1,0,1099,0
1451,,,8,7,15,8,7,15,0,1115,0.178571
1452,,,1,1,2,1,1,2,0,1115,0
1453,,,11,7,18,11,7,18,0,1115,0.189394
1454,,,1,1,2,1,1,2,0,1115,0
1455,,,1,1,2,1,1,2,0,1115,0
1456,,,3,4,7,3,4,7,0,1115,0.333333
1457,,,2,2,4,2,2,4,0,1115,0.5
1458,,,4,4,8,4,4,8,0,1115,0
1459,,,1,0,1,1,0,1,0,1098,0
1460,,,1,0,1,1,0,1,0,1097,0
1461,,,2,2,4,2,2,4,0,1115,0
1462,,,3,3,6,3,3,6,0,1115,1
1464,,,7,4,11,7,4,11,0,1115,0.071429
1465,,,5,5,10,5,5,10,0,1115,0.2
1466,,,1,1,2,1,1,2,0,1115,0
1467,,,1,1,2,1,1,2,0,1115,0
1468,,,2,2,4,2,2,4,0,1115,1
1470,,,1,1,2,1,1,2,0,1115,0
1471,,,7,7,14,7,7,14,0,1115,0.071429
1472,,,1,1,2,1,1,2,0,1115,0
1473,,,18,22,40,18,22,40,0,1115,0.118577
1474,,,1,1,2,1,1,2,0,1115,0
1475,,,3,0,3,3,0,3,0,66,0
1476,,,2,1,3,2,1,3,0,1115,1
1477,,,9,8,17,9,8,17,0,1115,0.152778
1463,,,4,4,8,4,4,8,0,1115,0.416667
1478,,,16,23,39,16,23,39,0,1115,0.191667
1479,,,2,2,4,2,2,4,0,1115,1
1480,,,3,3,6,3,3,6,0,1115,0.333333
1481,,,1,1,2,1,1,2,0,1115,0
1482,,,5,5,10,5,5,10,0,1115,0.5
1483,,,1,1,2,1,1,2,0,1115,0
1484,,,1,1,2,1,1,2,0,1115,0
1486,,,5,5,10,5,5,10,0,1115,0.4
1488,,,1,1,2,1,1,2,0,1115,0
1489,,,1,0,1,1,0,1,0,178,0
1490,,,11,12,23,11,12,23,0,1115,0.205128
1491,,,1,1,2,1,1,2,0,1115,0
1493,,,1,1,2,1,1,2,0,1115,0
1494,,,1,1,2,1,1,2,0,1115,0
1437,,,9,10,19,9,10,19,0,1115,0.2
1492,,,3,3,6,3,3,6,0,1115,1
1495,,,1,1,2,1,1,2,0,1115,0
1496,,,1,2,3,1,2,3,0,1115,0.5
1497,,,1,0,1,1,0,1,0,1096,0
1498,,,1,0,1,1,0,1,0,1095,0
1500,,,2,2,4,2,2,4,0,1115,0
1487,,,28,32,60,28,32,60,0,1115,0.239496
1501,,,1,0,1,1,0,1,0,148,0
1502,,,30,32,62,30,32,62,0,1115,0.21875
1503,,,1,0,1,1,0,1,0,518,0
1505,,,1,0,1,1,0,1,0,1094,0
1499,,,31,36,67,31,36,67,0,1115,0.125375
1506,,,2,2,4,2,2,4,0,1115,0
1507,,,3,3,6,3,3,6,0,1115,0.666667
1508,,,28,26,54,28,26,54,0,1115,0.123992
1509,,,1,0,1,1,0,1,0,816,0
1510,,,5,2,7,5,2,7,0,1115,0.4
1504,,,3,2,5,3,2,5,0,1115,0
1511,,,2,0,2,2,0,2,0,525,0
1513,,,3,2,5,3,2,5,0,1115,0.333333
1514,,,1,1,2,1,1,2,0,1115,0
1512,,,27,30,57,27,30,57,0,1115,0.212462
1469,,,4,4,8,4,4,8,0,1115,0.583333
1517,,,7,8,15,7,8,15,0,1115,0.25
1518,,,3,0,3,3,0,3,0,226,0.333333
1519,,,2,2,4,2,2,4,0,1115,0
1520,,,4,6,10,4,6,10,0,1115,0.3
1521,,,5,5,10,5,5,10,0,1115,0.2
1522,,,2,2,4,2,2,4,0,1115,1
1523,,,1,0,1,1,0,1,0,1093,0
1524,,,2,2,4,2,2,4,0,1115,1
1525,,,7,8,15,7,8,15,0,1115,0.517857
1526,,,6,7,13,6,7,13,0,1115,0.095238
1516,,,1,1,2,1,1,2,0,1115,0
1527,,,6,6,12,6,6,12,0,1115,0.3
1528,,,27,27,54,27,27,54,0,1115,0.132773
1529,,,37,38,75,37,38,75,0,1115,0.162805
1530,,,1,1,2,1,1,2,0,1115,0
1531,,,1,2,3,1,2,3,0,1115,1
1532,,,1,0,1,1,0,1,0,264,0
1533,,,2,2,4,2,2,4,0,1115,1
1534,,,1,0,1,1,0,1,0,1092,0
1535,,,5,2,7,5,2,7,0,1115,0.8
1536,,,1,1,2,1,1,2,0,1115,0
1537,,,1,1,2,1,1,2,0,1115,0
1538,,,1,1,2,1,1,2,0,1115,0
1539,,,16,16,32,16,16,32,0,1115,0.281046
1540,,,1,0,1,1,0,1,0,1091,0
1541,,,6,9,15,6,9,15,0,1115,0.333333
1542,,,2,2,4,2,2,4,0,1115,0
1543,,,51,45,96,51,45,96,0,1115,0.122505
1544,,,5,5,10,5,5,10,0,1115,0.2
1545,,,1,0,1,1,0,1,0,228,0
1546,,,4,5,9,4,5,9,0,1115,0.4
1547,,,1,1,2,1,1,2,0,1115,0
1548,,,18,18,36,18,18,36,0,1115,0.137255
1549,,,1,1,2,1,1,2,0,1115,0
1550,,,4,4,8,4,4,8,0,1115,0.333333
1551,,,1,1,2,1,1,2,0,1115,0
1552,,,1,1,2,1,1,2,0,1115,0
1553,,,1,1,2,1,1,2,0,1115,0
1554,,,4,0,4,4,0,4,0,396,0.416667
1555,,,65,67,132,65,67,132,0,1115,0.092406
1556,,,14,14,28,14,14,28,0,1115,0.058333
1557,,,16,16,32,16,16,32,0,1115,0.1875
1558,,,1,0,1,1,0,1,0,1090,0
1559,,,1,1,2,1,1,2,0,1115,0
1560,,,1,1,2,1,1,2,0,1115,0
1561,,,1,0,1,1,0,1,0,1089,0
1562,,,30,30,60,30,30,60,0,1115,0.111895
1564,,,1,1,2,1,1,2,0,1115,0
1568,,,14,19,33,14,19,33,0,1115,0.108187
1569,,,1,1,2,1,1,2,0,1115,0
1570,,,1,2,3,1,2,3,0,1115,0
1571,,,1,1,2,1,1,2,0,1115,0
1567,,,0,1,1,0,1,1,0,1118,0
1572,,,1,1,2,1,1,2,0,182,0
1573,,,2,1,3,2,1,3,0,1115,1
1575,,,2,2,4,2,2,4,0,1115,1
1566,,,98,94,192,98,94,192,0,1115,0.061447
1577,,,1,0,1,1,0,1,0,197,0
1578,,,1,0,1,1,0,1,0,850,0
1579,,,3,2,5,3,2,5,0,1115,0
1580,,,1,1,2,1,1,2,0,1115,0
1574,,,3,3,6,3,3,6,0,1115,1
1581,,,1,1,2,1,1,2,0,1115,0
1582,,,2,1,3,2,1,3,0,1115,0
1583,,,3,3,6,3,3,6,0,1115,0.666667
1584,,,21,28,49,21,28,49,0,1115,0.149015
1576,,,13,10,23,13,10,23,0,1115,0.179487
1585,,,74,83,157,74,83,157,0,1115,0.101221
1586,,,2,2,4,2,2,4,0,1115,0
1587,,,2,0,2,2,0,2,0,485,0
1588,,,1,1,2,1,1,2,0,1115,0
1589,,,1,0,1,1,0,1,0,398,0
1590,,,1,1,2,1,1,2,0,1115,0
1593,,,5,5,10,5,5,10,0,1115,0.5
1594,,,1,0,1,1,0,1,0,1088,0
1596,,,7,7,14,7,7,14,0,1115,0.309524
1597,,,2,1,3,2,1,3,0,1115,0
1598,,,2,1,3,2,1,3,0,1115,0
1599,,,1,0,1,1,0,1,0,423,0
1600,,,2,0,2,2,0,2,0,181,0
1601,,,1,1,2,1,1,2,0,1115,0
1595,,,4,4,8,4,4,8,0,1115,0.5
1602,,,1,1,2,1,1,2,0,1115,0
1603,,,1,1,2,1,1,2,0,1115,0
1604,,,1,1,2,1,1,2,0,1115,0
1606,,,1,1,2,1,1,2,0,1115,0
1605,,,4,5,9,4,5,9,0,1115,0.5
1608,,,2,2,4,2,2,4,0,1115,0
1609,,,3,2,5,3,2,5,0,1115,0.666667
1610,,,1,2,3,1,2,3,0,1115,1
1611,,,7,8,15,7,8,15,0,1115,0.089286
1613,,,1,1,2,1,1,2,0,1115,0
1607,,,2,2,4,2,2,4,0,1115,0
1614,,,1,1,2,1,1,2,0,1115,0
1615,,,63,86,149,63,86,149,0,1115,0.0529
1616,,,4,4,8,4,4,8,0,1115,0.166667
1617,,,1,1,2,1,1,2,0,1115,0
1515,,,2,2,4,2,2,4,0,1115,0
1591,,,10,15,25,10,15,25,0,1115,0.166667
1618,,,4,6,10,4,6,10,0,1115,0.3
1619,,,2,2,4,2,2,4,0,1115,0
1620,,,37,37,74,37,37,74,0,1115,0.102564
1621,,,2,2,4,2,2,4,0,1115,1
1622,,,1,1,2,1,1,2,0,1115,0
1623,,,2,2,4,2,2,4,0,1115,0.5
1624,,,12,3,15,12,3,15,0,1115,0.022727
1592,,,1,1,2,1,1,2,0,1115,0
1625,,,2,1,3,2,1,3,0,1115,0
1626,,,2,3,5,2,3,5,0,1115,0.333333
1627,,,1,1,2,1,1,2,0,1115,0
1628,,,7,6,13,7,6,13,0,1115,0.285714
1629,,,45,55,100,45,55,100,0,1115,0.100649
1631,,,1,1,2,1,1,2,0,1115,0
1632,,,1,1,2,1,1,2,0,1115,0
1633,,,2,1,3,2,1,3,0,1115,0
1634,,,3,3,6,3,3,6,0,1115,0.333333
1635,,,2,2,4,2,2,4,0,1115,0
1636,,,12,8,20,12,8,20,0,1115,0.102564
1637,,,2,2,4,2,2,4,0,1115,0
1639,,,16,26,42,16,26,42,0,1115,0.180912
1640,,,1,1,2,1,1,2,0,1115,0
1641,,,1,1,2,1,1,2,0,1115,0
1642,,,2,1,3,2,1,3,0,1115,0
1643,,,1,0,1,1,0,1,0,257,0
1565,,,103,125,228,103,125,228,0,1115,0.099564
1644,,,2,3,5,2,3,5,0,1115,0.333333
1645,,,3,3,6,3,3,6,0,1115,0
1646,,,1,0,1,1,0,1,0,484,0
1647,,,7,3,10,7,3,10,0,1115,0.339286
1648,,,5,6,11,5,6,11,0,1115,0.095238
1651,,,2,3,5,2,3,5,0,1115,0.666667
1653,,,8,10,18,8,10,18,0,1115,0.288889
1654,,,4,4,8,4,4,8,0,1115,0.833333
1655,,,4,5,9,4,5,9,0,1115,0.6
1659,,,1,0,1,1,0,1,0,483,0
1660,,,2,0,2,2,0,2,0,378,0
1661,,,1,1,2,1,1,2,0,1115,0
1612,,,41,43,84,41,43,84,0,1115,0.162791
1662,,,6,2,8,6,2,8,0,1115,0.166667
1663,,,1,0,1,1,0,1,0,162,0
1630,,,1,1,2,1,1,2,0,1115,0
1664,,,6,4,10,6,4,10,0,1115,0.5
1665,,,3,3,6,3,3,6,0,1115,0
1666,,,3,3,6,3,3,6,0,1115,0.333333
1668,,,2,2,4,2,2,4,0,1115,0
1669,,,6,2,8,6,2,8,0,221,0.190476
1670,,,30,31,61,30,31,61,0,1115,0.081513
1671,,,1,1,2,1,1,2,0,1115,0
1672,,,3,4,7,3,4,7,0,1115,0.5
1657,,,9,6,15,9,6,15,0,1115,0.25
1649,,,1,0,1,1,0,1,0,1087,0
1673,,,2,2,4,2,2,4,0,1115,0
1667,,,2,2,4,2,2,4,0,1115,0.5
1674,,,9,9,18,9,9,18,0,1115,0.211111
1675,,,54,53,107,54,53,107,0,1115,0.104714
1676,,,4,4,8,4,4,8,0,1115,0.333333
1677,,,23,25,48,23,25,48,0,1115,0.182336
1678,,,1,1,2,1,1,2,0,1115,0
1679,,,1,1,2,1,1,2,0,1115,0
1658,,,1,1,2,1,1,2,0,1115,0
1681,,,1,1,2,1,1,2,0,1115,0
1682,,,1,1,2,1,1,2,0,1115,0
1683,,,1,1,2,1,1,2,0,1115,0
1684,,,1,1,2,1,1,2,0,1115,0
1685,,,3,5,8,3,5,8,0,1115,0.1
1686,,,10,10,20,10,10,20,0,1115,0.118182
1687,,,2,1,3,2,1,3,0,1115,0
1688,,,2,2,4,2,2,4,0,1115,0
1689,,,16,20,36,16,20,36,0,1115,0.130952
1690,,,28,23,51,28,23,51,0,1115,0.105114
1691,,,1,1,2,1,1,2,0,1115,0
1692,,,2,3,5,2,3,5,0,1115,0.416667
1650,,,3,3,6,3,3,6,0,1115,0.333333
1693,,,53,58,111,53,58,111,0,1115,0.162568
1694,,,1,0,1,1,0,1,0,1086,0
1696,,,1,1,2,1,1,2,0,1115,0
1697,,,3,3,6,3,3,6,0,1115,0
1698,,,1,1,2,1,1,2,0,1115,0
1699,,,1,1,2,1,1,2,0,1115,0
1700,,,4,4,8,4,4,8,0,1115,0.333333
1701,,,14,11,25,14,11,25,0,1115,0.1
1702,,,4,4,8,4,4,8,0,1115,0.5
1703,,,2,1,3,2,1,3,0,221,0.5
1704,,,3,1,4,3,1,4,0,1115,0.333333
1706,,,1,0,1,1,0,1,0,627,0
1707,,,1,1,2,1,1,2,0,1115,0
1708,,,1,1,2,1,1,2,0,1115,0
1709,,,1,0,1,1,0,1,0,1085,0
1710,,,1,1,2,1,1,2,0,1115,0
1705,,,1,0,1,1,0,1,0,428,0
1712,,,3,3,6,3,3,6,0,1115,0
1713,,,9,10,19,9,10,19,0,1115,0.263636
1714,,,37,38,75,37,38,75,0,1115,0.199187
1715,,,3,5,8,3,5,8,0,1115,0
1716,,,1,0,1,1,0,1,0,161,0
1718,,,1,1,2,1,1,2,0,1115,0
1721,,,2,1,3,2,1,3,0,1115,0
1717,,,1,1,2,1,1,2,0,1115,0
1723,,,1,1,2,1,1,2,0,1115,0
1724,,,2,1,3,2,1,3,0,1115,0
1725,,,8,8,16,8,8,16,0,1115,0.155556
1726,,,3,1,4,3,1,4,0,1115,0.5
1727,,,4,5,9,4,5,9,0,1115,0.35
1728,,,1,1,2,1,1,2,0,1115,0
1729,,,1,1,2,1,1,2,0,1115,0
1732,,,1,1,2,1,1,2,0,1115,0
1733,,,10,5,15,10,5,15,0,1115,0.098485
1734,,,1,0,1,1,0,1,0,1084,0
1735,,,38,34,72,38,34,72,0,1115,0.111111
1736,,,10,10,20,10,10,20,0,1115,0.072727
1737,,,1,0,1,1,0,1,0,220,0
1738,,,2,2,4,2,2,4,0,1115,0
1739,,,1,0,1,1,0,1,0,154,0
1740,,,2,2,4,2,2,4,0,1115,0
1731,,,84,90,174,84,90,174,0,1115,0.113254
1741,,,2,2,4,2,2,4,0,1115,1
1742,,,0,1,1,0,1,1,0,1119,0
1720,,,3,3,6,3,3,6,0,1115,1
1743,,,11,9,20,11,9,20,0,1115,0.089744
1711,,,1,1,2,1,1,2,0,1115,0
1747,,,3,1,4,3,1,4,0,1115,0.5
1748,,,1,1,2,1,1,2,0,1115,0
1746,,,18,22,40,18,22,40,0,1115,0.144269
1749,,,1,0,1,1,0,1,0,793,0
1750,,,2,3,5,2,3,5,0,1115,0.416667
1751,,,7,7,14,7,7,14,0,1115,0.047619
1752,,,19,24,43,19,24,43,0,1115,0.065217
1754,,,16,16,32,16,16,32,0,1115,0.235294
1744,,,69,69,138,69,69,138,0,1115,0.043317
1756,,,6,3,9,6,3,9,0,1115,0.285714
1757,,,11,13,24,11,13,24,0,1115,0.275641
1758,,,1,2,3,1,2,3,0,1115,1
1759,,,1,1,2,1,1,2,0,1115,0
1695,,,1,0,1,1,0,1,0,418,0
1760,,,1,1,2,1,1,2,0,1115,0
1745,,,1,1,2,1,1,2,0,1115,0
1761,,,1,1,2,1,1,2,0,1115,0
1762,,,3,3,6,3,3,6,0,1115,0.25
1763,,,2,2,4,2,2,4,0,1115,0
1755,,,4,4,8,4,4,8,0,1115,0.166667
1765,,,15,16,31,15,16,31,0,1115,0.1875
1766,,,1,1,2,1,1,2,0,1115,0
1767,,,2,2,4,2,2,4,0,1115,0.5
1768,,,1,1,2,1,1,2,0,1115,0
1770,,,1,1,2,1,1,2,0,1115,0
1771,,,82,74,156,82,74,156,0,1115,0.05098
1769,,,10,7,17,10,7,17,0,1115,0.2
1772,,,3,0,3,3,0,3,0,382,0.333333
1773,,,7,6,13,7,6,13,0,1115,0.152778
1775,,,3,1,4,3,1,4,0,1115,0
1776,,,2,2,4,2,2,4,0,1115,1
1777,,,1,1,2,1,1,2,0,1115,0
1778,,,7,7,14,7,7,14,0,1115,0.111111
1730,,,1,1,2,1,1,2,0,1115,0
1722,,,2,2,4,2,2,4,0,1115,1
1780,,,2,2,4,2,2,4,0,1115,0
1764,,,37,38,75,37,38,75,0,1115,0.090909
1779,,,8,8,16,8,8,16,0,1115,0.035714
1782,,,2,2,4,2,2,4,0,1115,0
1784,,,1,3,4,1,3,4,0,1115,0
1785,,,3,3,6,3,3,6,0,1115,0.666667
1786,,,2,2,4,2,2,4,0,1115,0
1787,,,1,1,2,1,1,2,0,1115,0
1789,,,2,2,4,2,2,4,0,1115,1
1788,,,18,19,37,18,19,37,0,1115,0.184211
1790,,,3,3,6,3,3,6,0,1115,0.333333
1792,,,11,4,15,11,4,15,0,1115,0.190909
1791,,,1,0,1,1,0,1,0,376,0
1794,,,4,2,6,4,2,6,0,1115,0
1796,,,1,1,2,1,1,2,0,1115,0
1797,,,2,3,5,2,3,5,0,1115,0
1798,,,2,2,4,2,2,4,0,1115,0
1799,,,4,4,8,4,4,8,0,1115,0.166667
1800,,,6,6,12,6,6,12,0,1115,0.133333
1801,,,1,1,2,1,1,2,0,1115,0
1802,,,62,59,121,62,59,121,0,1115,0.092919
1803,,,7,7,14,7,7,14,0,1115,0.333333
1795,,,1,1,2,1,1,2,0,1115,0
1804,,,3,3,6,3,3,6,0,1115,0.333333
1680,,,2,0,2,2,0,2,0,391,1
1805,,,1,1,2,1,1,2,0,1115,0
1806,,,8,8,16,8,8,16,0,1115,0.25
1807,,,1,1,2,1,1,2,0,1115,0
1808,,,3,2,5,3,2,5,0,1115,0.333333
1809,,,5,8,13,5,8,13,0,1115,0
1753,,,13,8,21,13,8,21,0,1115,0.262821
1811,,,10,11,21,10,11,21,0,1115,0.333333
1812,,,1,1,2,1,1,2,0,1115,0
1813,,,1,1,2,1,1,2,0,1115,0
1814,,,1,3,4,1,3,4,0,1115,0.666667
1816,,,1,1,2,1,1,2,0,1115,0
1817,,,4,4,8,4,4,8,0,1115,0.25
1818,,,1,1,2,1,1,2,0,1115,0
1819,,,20,21,41,20,21,41,0,1115,0.335714
1821,,,1,1,2,1,1,2,0,1115,0
1822,,,1,1,2,1,1,2,0,1115,0
1820,,,5,4,9,5,4,9,0,1115,0.35
1774,,,3,4,7,3,4,7,0,1115,0
1823,,,2,2,4,2,2,4,0,1115,1
1824,,,1,1,2,1,1,2,0,1115,0
1825,,,1,1,2,1,1,2,0,1115,0
1826,,,2,2,4,2,2,4,0,1115,0
1827,,,2,0,2,2,0,2,0,223,0
1828,,,1,1,2,1,1,2,0,1115,0
1829,,,10,9,19,10,9,19,0,1115,0.257576
1830,,,1,1,2,1,1,2,0,1115,0
1793,,,2,0,2,2,0,2,0,476,1
1831,,,1,1,2,1,1,2,0,1115,0
1832,,,105,84,189,105,84,189,0,1115,0.118294
1833,,,2,3,5,2,3,5,0,1115,0.333333
1834,,,2,3,5,2,3,5,0,1115,0.666667
1835,,,1,1,2,1,1,2,0,1115,0
1836,,,1,0,1,1,0,1,0,1083,0
1837,,,2,1,3,2,1,3,0,1115,0
1838,,,4,4,8,4,4,8,0,1115,0.333333
1810,,,311,404,715,311,404,715,0,1115,0.01787
1839,,,5,3,8,5,3,8,0,1115,0.15
1840,,,24,25,49,24,25,49,0,1115,0.053846
1841,,,1,1,2,1,1,2,0,1115,0
1842,,,3,3,6,3,3,6,0,1115,0.833333
1843,,,11,12,23,11,12,23,0,1115,0
1844,,,5,5,10,5,5,10,0,1115,0.1
1845,,,4,2,6,4,2,6,0,1115,0.25
1846,,,29,23,52,29,23,52,0,1115,0.115873
1847,,,2,1,3,2,1,3,0,1115,0
1719,,,10,7,17,10,7,17,0,1115,0.269231
1656,,,37,31,68,37,31,68,0,1115,0.171096
1848,,,1,2,3,1,2,3,0,1115,1
1849,,,5,6,11,5,6,11,0,1115,0
1850,,,28,16,44,28,16,44,0,1115,0.12069
1851,,,3,2,5,3,2,5,0,1115,0.166667
1852,,,1,1,2,1,1,2,0,1115,0
1853,,,3,2,5,3,2,5,0,1115,0.333333
1854,,,1,0,1,1,0,1,0,179,0
1855,,,3,0,3,3,0,3,0,225,0.333333
1856,,,3,1,4,3,1,4,0,1115,0.333333
1857,,,2,1,3,2,1,3,0,1115,0
1858,,,1,0,1,1,0,1,0,807,0
1859,,,11,12,23,11,12,23,0,1115,0.051282
1860,,,57,63,120,57,63,120,0,1115,0.098317
1861,,,2,1,3,2,1,3,0,1115,1
1862,,,2,0,2,2,0,2,0,247,1
1863,,,1,1,2,1,1,2,0,1115,0
1864,,,4,2,6,4,2,6,0,1115,0.083333
1865,,,1,1,2,1,1,2,0,1115,0
1867,,,2,1,3,2,1,3,0,1115,0
1866,,,1,1,2,1,1,2,0,1115,0
1868,,,1,1,2,1,1,2,0,1115,0
1869,,,1,1,2,1,1,2,0,1115,0
1870,,,1,0,1,1,0,1,0,406,0
1871,,,2,1,3,2,1,3,0,1115,1
1873,,,12,14,26,12,14,26,0,1115,0.17033
1874,,,1,1,2,1,1,2,0,1115,0
1875,,,1,1,2,1,1,2,0,1115,0
1876,,,7,9,16,7,9,16,0,1115,0.069444
1872,,,5,5,10,5,5,10,0,1115,0.45
1877,,,3,0,3,3,0,3,0,279,0.666667
1878,,,5,6,11,5,6,11,0,1115,0.190476
1879,,,5,5,10,5,5,10,0,1115,0.3
1880,,,3,3,6,3,3,6,0,1115,0.583333
1881,,,1,1,2,1,1,2,0,1115,0
1882,,,1,1,2,1,1,2,0,1115,0
1883,,,1,1,2,1,1,2,0,1115,0
1884,,,2,1,3,2,1,3,0,1115,0
1885,,,21,26,47,21,26,47,0,1115,0.129231
1886,,,5,7,12,5,7,12,0,1115,0.142857
1887,,,1,1,2,1,1,2,0,1115,0
1888,,,5,5,10,5,5,10,0,1115,0.65
1889,,,3,3,6,3,3,6,0,1115,0.333333
1891,,,1,1,2,1,1,2,0,1115,0
1892,,,5,5,10,5,5,10,0,1115,0.1
1894,,,6,6,12,6,6,12,0,1115,0.190476
1895,,,1,1,2,1,1,2,0,1115,0
1896,,,19,18,37,19,18,37,0,1115,0.121053
1897,,,1,1,2,1,1,2,0,1115,0
1898,,,2,2,4,2,2,4,0,1115,0
1899,,,132,138,270,132,138,270,0,1115,0.054625
1900,,,3,3,6,3,3,6,0,1115,0.333333
1901,,,2,1,3,2,1,3,0,1115,0
1902,,,2,2,4,2,2,4,0,1115,0
1903,,,1,1,2,1,1,2,0,1115,0
1904,,,1,1,2,1,1,2,0,1115,0
1905,,,14,16,30,14,16,30,0,1115,0.129167
1906,,,2,2,4,2,2,4,0,1115,0
1907,,,3,2,5,3,2,5,0,1115,0.666667
1908,,,1,1,2,1,1,2,0,1115,0
1909,,,1,2,3,1,2,3,0,1115,0
1910,,,1,1,2,1,1,2,0,1115,0
1911,,,6,4,10,6,4,10,0,1115,0.375
1913,,,2,1,3,2,1,3,0,1115,1
1914,,,1,0,1,1,0,1,0,79,0
1915,,,4,2,6,4,2,6,0,1115,0.333333
1916,,,26,28,54,26,28,54,0,1115,0.133598
1917,,,4,3,7,4,3,7,0,1115,0.5
1918,,,4,3,7,4,3,7,0,1115,0.666667
1919,,,11,10,21,11,10,21,0,1115,0.083333
1920,,,2,3,5,2,3,5,0,1115,0.166667
1921,,,38,40,78,38,40,78,0,1115,0.07378
1922,,,26,32,58,26,32,58,0,1115,0.114082
1923,,,5,5,10,5,5,10,0,1115,0.1
1924,,,1,1,2,1,1,2,0,1115,0
1925,,,1,1,2,1,1,2,0,1115,0
1926,,,1,0,1,1,0,1,0,1082,0
1927,,,1,1,2,1,1,2,0,1115,0
1912,,,15,15,30,15,15,30,0,1115,0.114286
1928,,,1,1,2,1,1,2,0,1115,0
1929,,,1,1,2,1,1,2,0,1115,0
1931,,,2,2,4,2,2,4,0,1115,0
1890,,,20,19,39,20,19,39,0,1115,0.314286
1930,,,1,2,3,1,2,3,0,1115,1
1932,,,1,0,1,1,0,1,0,400,0
1933,,,8,7,15,8,7,15,0,1115,0.138889
1934,,,2,3,5,2,3,5,0,1115,0
1935,,,1,1,2,1,1,2,0,1115,0
1936,,,3,3,6,3,3,6,0,1115,0.666667
1937,,,11,9,20,11,9,20,0,1115,0.356061
1940,,,3,3,6,3,3,6,0,1115,0.333333
1941,,,1,1,2,1,1,2,0,1115,0
1942,,,2,1,3,2,1,3,0,1115,0
1893,,,7,8,15,7,8,15,0,1115,0.071429
1943,,,2,2,4,2,2,4,0,1115,0
1944,,,3,5,8,3,5,8,0,1115,0.45
1945,,,2,1,3,2,1,3,0,1115,0
1946,,,5,5,10,5,5,10,0,1115,0.7
1947,,,19,8,27,19,8,27,0,1115,0.137427
1949,,,2,2,4,2,2,4,0,1115,0
1950,,,1,1,2,1,1,2,0,1115,0
1951,,,7,5,12,7,5,12,0,1115,0.261905
1952,,,1,1,2,1,1,2,0,1115,0
1953,,,165,169,334,165,169,334,0,1115,0.020151
1955,,,6,7,13,6,7,13,0,1115,0.071429
1956,,,7,2,9,7,2,9,0,1115,0.47619
1957,,,5,4,9,5,4,9,0,1115,0.25
1958,,,2,2,4,2,2,4,0,1115,1
1959,,,1,2,3,1,2,3,0,1115,1
1960,,,2,2,4,2,2,4,0,1115,1
1961,,,1,1,2,1,1,2,0,1115,0
1962,,,1,3,4,1,3,4,0,1115,0
1938,,,7,7,14,7,7,14,0,1115,0.238095
1963,,,1,0,1,1,0,1,0,409,0
1964,,,12,14,26,12,14,26,0,1115,0.203297
1965,,,1,1,2,1,1,2,0,1115,0
1966,,,3,2,5,3,2,5,0,1115,0
1967,,,29,49,78,29,49,78,0,1115,0.147347
1968,,,2,2,4,2,2,4,0,1115,0
1969,,,1,1,2,1,1,2,0,1115,0
1783,,,1,0,1,1,0,1,0,377,0
1970,,,2,1,3,2,1,3,0,1115,0
1971,,,10,14,24,10,14,24,0,1115,0.203297
1972,,,3,3,6,3,3,6,0,1115,0.333333
1973,,,6,5,11,6,5,11,0,1115,0.533333
1974,,,2,2,4,2,2,4,0,1115,1
1976,,,6,2,8,6,2,8,0,1115,0
1977,,,4,4,8,4,4,8,0,1115,0.333333
1978,,,4,4,8,4,4,8,0,1115,0.166667
1979,,,1,1,2,1,1,2,0,1115,0
1981,,,7,7,14,7,7,14,0,1115,0.238095
1982,,,1,2,3,1,2,3,0,1115,0
1983,,,1,0,1,1,0,1,0,1081,0
1984,,,4,6,10,4,6,10,0,1115,0.267857
1985,,,1,1,2,1,1,2,0,1115,0
1980,,,1,1,2,1,1,2,0,1115,0
1986,,,5,6,11,5,6,11,0,1115,0.066667
1987,,,1,1,2,1,1,2,0,1115,0
1988,,,3,2,5,3,2,5,0,1115,0.166667
1989,,,2,3,5,2,3,5,0,1115,1
1990,,,9,9,18,9,9,18,0,1115,0.222222
1991,,,20,16,36,20,16,36,0,1115,0.097619
1992,,,3,3,6,3,3,6,0,1115,0.333333
1993,,,4,4,8,4,4,8,0,1115,0.166667
1994,,,6,6,12,6,6,12,0,1115,0
1995,,,1,1,2,1,1,2,0,1115,0
3598,,,74,82,156,74,82,156,0,1115,0.078151
1997,,,10,11,21,10,11,21,0,1115,0.136364
1998,,,16,17,33,16,17,33,0,1115,0.158088
1999,,,1,1,2,1,1,2,0,1115,0
2000,,,3,2,5,3,2,5,0,1115,0
2001,,,1,1,2,1,1,2,0,1115,0
2002,,,4,3,7,4,3,7,0,1115,0.1
2004,,,10,8,18,10,8,18,0,1115,0.1
2005,,,1,0,1,1,0,1,0,1080,0
1815,,,24,45,69,24,45,69,0,1115,0.146939
2006,,,5,5,10,5,5,10,0,1115,0.3
2007,,,1,1,2,1,1,2,0,1115,0
2008,,,1,0,1,1,0,1,0,373,0
1948,,,35,28,63,35,28,63,0,1115,0.063415
2010,,,1,1,2,1,1,2,0,1115,0
2011,,,2,2,4,2,2,4,0,1115,0
2012,,,15,15,30,15,15,30,0,1115,0.266667
2013,,,8,7,15,8,7,15,0,1115,0.069444
2015,,,1,1,2,1,1,2,0,1115,0
2009,,,1,1,2,1,1,2,0,1115,0
2017,,,45,9,54,45,9,54,0,1115,0.128986
2018,,,6,5,11,6,5,11,0,1115,0.033333
2020,,,3,2,5,3,2,5,0,1115,0
2014,,,1,6,7,1,6,7,0,1115,0.233333
2021,,,1,1,2,1,1,2,0,1115,0
2022,,,3,5,8,3,5,8,0,1115,0.033333
2023,,,1,0,1,1,0,1,0,266,0
2016,,,6,6,12,6,6,12,0,1115,0.2
2024,,,1,1,2,1,1,2,0,1115,0
2025,,,1,1,2,1,1,2,0,1115,0
2026,,,1,1,2,1,1,2,0,1115,0
2027,,,1,1,2,1,1,2,0,1115,0
2029,,,1,1,2,1,1,2,0,1115,0
2031,,,1,1,2,1,1,2,0,1115,0
2030,,,16,17,33,16,17,33,0,1115,0.156863
2032,,,2,2,4,2,2,4,0,1115,0
2033,,,3,2,5,3,2,5,0,1115,0.333333
2034,,,18,24,42,18,24,42,0,1115,0.110507
2028,,,279,293,572,279,293,572,0,1115,0.027768
2035,,,2,2,4,2,2,4,0,1115,0
2036,,,1,0,1,1,0,1,0,849,0
2037,,,1,1,2,1,1,2,0,1115,0
2038,,,1,1,2,1,1,2,0,1115,0
2039,,,1,0,1,1,0,1,0,1079,0
2040,,,11,13,24,11,13,24,0,1115,0.235294
2041,,,1,0,1,1,0,1,0,796,0
2042,,,5,5,10,5,5,10,0,1115,0
2044,,,11,8,19,11,8,19,0,1115,0.136364
2045,,,128,170,298,128,170,298,0,1115,0.052982
2046,,,7,6,13,7,6,13,0,1115,0.357143
2047,,,2,1,3,2,1,3,0,1115,1
2049,,,6,6,12,6,6,12,0,1115,0
2051,,,2,0,2,2,0,2,0,408,1
2052,,,3,2,5,3,2,5,0,1115,0.5
2053,,,5,11,16,5,11,16,0,1115,0.136364
2055,,,1,1,2,1,1,2,0,1115,0
2056,,,5,4,9,5,4,9,0,1115,0.15
2057,,,2,2,4,2,2,4,0,1115,0
2058,,,2,2,4,2,2,4,0,1115,1
2059,,,2,2,4,2,2,4,0,1115,0
1939,,,16,21,37,16,21,37,0,1115,0.159524
2060,,,1,0,1,1,0,1,0,277,0
2061,,,1,1,2,1,1,2,0,1115,0
2062,,,2,2,4,2,2,4,0,1115,1
2063,,,55,52,107,55,52,107,0,1115,0.16416
2064,,,5,9,14,5,9,14,0,1115,0.111111
2065,,,3,0,3,3,0,3,0,517,0.666667
2066,,,1,1,2,1,1,2,0,1115,0
2067,,,117,186,303,117,186,303,0,1115,0.041368
2068,,,1,2,3,1,2,3,0,1115,0
2054,,,10,12,22,10,12,22,0,1115,0.121212
2069,,,1,1,2,1,1,2,0,1115,0
2070,,,12,13,25,12,13,25,0,1115,0.102564
2071,,,5,4,9,5,4,9,0,1115,0.55
2072,,,9,8,17,9,8,17,0,1115,0.033333
2073,,,1,5,6,1,5,6,0,1115,0.1
2074,,,1,0,1,1,0,1,0,1078,0
2043,,,2,2,4,2,2,4,0,1115,0
2078,,,1,0,1,1,0,1,0,224,0
2079,,,3,3,6,3,3,6,0,1115,0.333333
2077,,,1,1,2,1,1,2,0,1115,0
2080,,,16,17,33,16,17,33,0,1115,0.064327
2081,,,3,3,6,3,3,6,0,1115,0.5
2082,,,1,1,2,1,1,2,0,1115,0
2084,,,1,1,2,1,1,2,0,1115,0
2085,,,18,18,36,18,18,36,0,1115,0.071895
2086,,,1,1,2,1,1,2,0,1115,0
2087,,,7,7,14,7,7,14,0,1115,0.119048
2088,,,2,2,4,2,2,4,0,1115,1
2090,,,20,15,35,20,15,35,0,1115,0.237319
2091,,,4,4,8,4,4,8,0,1115,0.166667
2089,,,6,7,13,6,7,13,0,1115,0.071429
2092,,,1,1,2,1,1,2,0,1115,0
2093,,,7,4,11,7,4,11,0,1115,0.142857
2094,,,1,1,2,1,1,2,0,1115,0
2095,,,5,5,10,5,5,10,0,1115,0.266667
2096,,,8,2,10,8,2,10,0,1115,0.428571
2097,,,6,4,10,6,4,10,0,1115,0.3
2099,,,1,2,3,1,2,3,0,1115,0
2100,,,2,2,4,2,2,4,0,1115,0
1485,,,1,0,1,1,0,1,0,486,0
2101,,,1,1,2,1,1,2,0,1115,0
2102,,,5,3,8,5,3,8,0,1115,0.1
2103,,,9,7,16,9,7,16,0,1115,0.138889
2104,,,3,3,6,3,3,6,0,1115,0.666667
2105,,,1,0,1,1,0,1,0,605,0
2106,,,2,2,4,2,2,4,0,1115,0
2107,,,1,1,2,1,1,2,0,1115,0
2108,,,2,2,4,2,2,4,0,1115,1
2076,,,5,3,8,5,3,8,0,1115,0.2
2109,,,1,1,2,1,1,2,0,1115,0
2111,,,1,1,2,1,1,2,0,1115,0
2112,,,1,1,2,1,1,2,0,1115,0
2113,,,23,12,35,23,12,35,0,1115,0.018116
2114,,,2,1,3,2,1,3,0,1115,0.5
2115,,,4,3,7,4,3,7,0,1115,0.2
2116,,,1,1,2,1,1,2,0,1115,0
2117,,,2,1,3,2,1,3,0,1115,1
2118,,,25,24,49,25,24,49,0,1115,0.03
2119,,,6,6,12,6,6,12,0,1115,0.166667
2110,,,53,60,113,53,60,113,0,1115,0.11694
2120,,,4,4,8,4,4,8,0,1115,0.166667
2121,,,4,4,8,4,4,8,0,1115,0
2122,,,3,3,6,3,3,6,0,1115,0.333333
2123,,,8,9,17,8,9,17,0,1115,0.25
2124,,,15,18,33,15,18,33,0,1115,0.257895
2126,,,1,0,1,1,0,1,0,399,0
2127,,,9,10,19,9,10,19,0,1115,0.1
2129,,,2,2,4,2,2,4,0,1115,1
2125,,,180,397,577,180,397,577,0,1115,0.013065
2130,,,1,1,2,1,1,2,0,1115,0
2132,,,10,11,21,10,11,21,0,1115,0.098485
2133,,,1,1,2,1,1,2,0,1115,0
2134,,,2,3,5,2,3,5,0,1115,0.5
2135,,,9,7,16,9,7,16,0,1115,0.163636
2136,,,2,2,4,2,2,4,0,1115,0
2137,,,1,1,2,1,1,2,0,1115,0
2138,,,2,2,4,2,2,4,0,1115,0
2139,,,3,3,6,3,3,6,0,1115,0
2140,,,2,2,4,2,2,4,0,1115,0
2142,,,17,13,30,17,13,30,0,1115,0.139706
2143,,,2,3,5,2,3,5,0,1115,0
2144,,,7,8,15,7,8,15,0,1115,0.125
2128,,,3,3,6,3,3,6,0,1115,0
2141,,,26,32,58,26,32,58,0,1115,0.067235
2145,,,2,2,4,2,2,4,0,1115,0
2146,,,3,4,7,3,4,7,0,1115,0
2147,,,2,1,3,2,1,3,0,1115,0
2148,,,3,5,8,3,5,8,0,1115,0.05
2131,,,13,14,27,13,14,27,0,1115,0.065934
2149,,,1,2,3,1,2,3,0,1115,0
2150,,,1,1,2,1,1,2,0,1115,0
2151,,,1,1,2,1,1,2,0,1115,0
2152,,,1,2,3,1,2,3,0,1115,0
2153,,,1,0,1,1,0,1,0,604,0
2155,,,4,5,9,4,5,9,0,1115,0.45
2156,,,1,0,1,1,0,1,0,160,0
2157,,,2,1,3,2,1,3,0,1115,0.5
2154,,,2,2,4,2,2,4,0,1115,0
2158,,,15,12,27,15,12,27,0,1115,0.191176
2159,,,3,5,8,3,5,8,0,1115,0.3
2160,,,2,2,4,2,2,4,0,1115,0
2161,,,1,1,2,1,1,2,0,1115,0
2162,,,2,2,4,2,2,4,0,1115,0
2163,,,1,1,2,1,1,2,0,1115,0
2164,,,5,0,5,5,0,5,0,265,0.15
2166,,,3,2,5,3,2,5,0,1115,0
2167,,,20,19,39,20,19,39,0,1115,0.095238
2168,,,1,1,2,1,1,2,0,1115,0
2169,,,1,1,2,1,1,2,0,1115,0
2170,,,1,0,1,1,0,1,0,1077,0
2171,,,1,1,2,1,1,2,0,1115,1
2172,,,1,1,2,1,1,2,0,1115,0
2173,,,54,67,121,54,67,121,0,1115,0.08833
2165,,,15,21,36,15,21,36,0,1115,0.104743
2174,,,14,18,32,14,18,32,0,1115,0.27451
2175,,,7,7,14,7,7,14,0,1115,0.261905
2177,,,1,0,1,1,0,1,0,1076,0
2178,,,11,9,20,11,9,20,0,1115,0.190909
2179,,,1,0,1,1,0,1,0,427,0
2180,,,2,1,3,2,1,3,0,1115,1
2181,,,4,0,4,4,0,4,0,421,0.666667
2182,,,1,1,2,1,1,2,0,1115,0
2176,,,49,53,102,49,53,102,0,1115,0.133696
2184,,,1,1,2,1,1,2,0,1115,0
2185,,,1,1,2,1,1,2,0,1115,0
2186,,,1,1,2,1,1,2,0,1115,0
2187,,,26,20,46,26,20,46,0,1115,0.138177
2188,,,19,11,30,19,11,30,0,1115,0.052381
2189,,,3,3,6,3,3,6,0,1115,0.333333
2190,,,1,0,1,1,0,1,0,1075,0
2191,,,1,0,1,1,0,1,0,1074,0
2192,,,8,8,16,8,8,16,0,1115,0.255556
2194,,,38,74,112,38,74,112,0,1115,0.084386
2195,,,6,5,11,6,5,11,0,1115,0.366667
2196,,,1,0,1,1,0,1,0,422,0
2197,,,1,1,2,1,1,2,0,1115,0
2199,,,3,3,6,3,3,6,0,1115,0.333333
2200,,,2,2,4,2,2,4,0,1115,0
2201,,,9,9,18,9,9,18,0,1115,0.290909
2202,,,4,4,8,4,4,8,0,1115,0.166667
2203,,,1,1,2,1,1,2,0,1115,0
2204,,,5,4,9,5,4,9,0,1115,0.45
2205,,,8,8,16,8,8,16,0,1115,0.077778
2206,,,1,1,2,1,1,2,0,1115,0
2207,,,1,1,2,1,1,2,0,1115,0
2208,,,8,9,17,8,9,17,0,1115,0.027778
2209,,,1,0,1,1,0,1,0,402,0
2210,,,1,1,2,1,1,2,0,1115,0
2211,,,2,1,3,2,1,3,0,1115,0
2212,,,3,3,6,3,3,6,0,1115,1
2213,,,2,2,4,2,2,4,0,1115,0
2214,,,31,37,68,31,37,68,0,1115,0.220122
2215,,,1,1,2,1,1,2,0,1115,0
2216,,,1,0,1,1,0,1,0,475,0
2217,,,5,7,12,5,7,12,0,1115,0.119048
2218,,,0,1,1,0,1,1,0,1120,0
2219,,,8,8,16,8,8,16,0,1115,0.194444
2220,,,1,1,2,1,1,2,0,1115,0
2221,,,6,6,12,6,6,12,0,1115,0.566667
2193,,,1,1,2,1,1,2,0,1115,0
2222,,,1,1,2,1,1,2,0,1115,0
2223,,,1,1,2,1,1,2,0,1115,0
2224,,,5,4,9,5,4,9,0,1115,0.2
2225,,,1,1,2,1,1,2,0,1115,0
2226,,,1,1,2,1,1,2,0,1115,0
2227,,,2,2,4,2,2,4,0,1115,0
2228,,,1,1,2,1,1,2,0,1115,0
2229,,,16,14,30,16,14,30,0,1115,0.166667
2230,,,11,10,21,11,10,21,0,1115,0.089744
2231,,,10,10,20,10,10,20,0,1115,0.234848
2233,,,12,14,26,12,14,26,0,1115,0.109524
2232,,,1,1,2,1,1,2,0,1115,0
2234,,,1,1,2,1,1,2,0,1115,0
2235,,,2,4,6,2,4,6,0,1115,0
2236,,,1,1,2,1,1,2,0,1115,0
2237,,,1,1,2,1,1,2,0,1115,0
2239,,,1,0,1,1,0,1,0,490,0
2240,,,1,1,2,1,1,2,0,1115,0
2241,,,3,2,5,3,2,5,0,1115,0
2238,,,1,1,2,1,1,2,0,1115,0
2243,,,11,14,25,11,14,25,0,1115,0.082418
2244,,,16,22,38,16,22,38,0,1115,0.056277
2245,,,2,0,2,2,0,2,0,196,0
2246,,,3,2,5,3,2,5,0,1115,0.333333
2247,,,1,0,1,1,0,1,0,1073,0
2248,,,1,0,1,1,0,1,0,1072,0
2250,,,1,1,2,1,1,2,0,1115,0
2251,,,5,5,10,5,5,10,0,1115,0.2
2253,,,1,1,2,1,1,2,0,1115,0
2254,,,1,1,2,1,1,2,0,1115,0
2255,,,6,8,14,6,8,14,0,1115,0.071429
2256,,,3,3,6,3,3,6,0,1115,0
2257,,,6,5,11,6,5,11,0,1115,0.666667
2258,,,2,3,5,2,3,5,0,1115,0.166667
2259,,,4,0,4,4,0,4,0,141,0.166667
2260,,,4,4,8,4,4,8,0,1115,0.55
2252,,,27,35,62,27,35,62,0,1115,0.094231
2261,,,5,4,9,5,4,9,0,1115,0.133333
2083,,,3,3,6,3,3,6,0,1115,0.333333
2263,,,1,0,1,1,0,1,0,156,0
2264,,,1,1,2,1,1,2,0,1115,0
2048,,,4,5,9,4,5,9,0,1115,0.1
2265,,,3,2,5,3,2,5,0,1115,0.333333
2266,,,53,141,194,53,141,194,0,1115,0.018877
2098,,,4,4,8,4,4,8,0,1115,0.666667
2267,,,1,0,1,1,0,1,0,603,0
2268,,,2,3,5,2,3,5,0,1115,0.083333
2269,,,8,8,16,8,8,16,0,1115,0.178571
2270,,,1,1,2,1,1,2,0,1115,0
2271,,,2,2,4,2,2,4,0,1115,0
2272,,,2,2,4,2,2,4,0,1115,0
2274,,,3,3,6,3,3,6,0,1115,1
2277,,,4,4,8,4,4,8,0,1115,0
2278,,,1,1,2,1,1,2,0,1115,0
2279,,,1,1,2,1,1,2,0,1115,0
2280,,,1,1,2,1,1,2,0,1115,0
2281,,,7,10,17,7,10,17,0,1115,0.163636
2282,,,2,2,4,2,2,4,0,1115,0
2283,,,1,0,1,1,0,1,0,848,0
2284,,,7,10,17,7,10,17,0,1115,0.072727
2286,,,1,0,1,1,0,1,0,375,0
2287,,,1,1,2,1,1,2,0,198,0
2198,,,85,0,85,85,0,85,0,56,0.092437
2288,,,2,1,3,2,1,3,0,1115,0
2289,,,8,7,15,8,7,15,0,1115,0.017857
2290,,,1,1,2,1,1,2,0,1115,0
2292,,,5,6,11,5,6,11,0,1115,0.233333
2293,,,11,10,21,11,10,21,0,1115,0.108974
2295,,,1,1,2,1,1,2,0,1115,0
2297,,,10,10,20,10,10,20,0,1115,0.134615
2298,,,1,1,2,1,1,2,0,1115,0
2299,,,11,11,22,11,11,22,0,1115,0.109091
2300,,,1,0,1,1,0,1,0,259,0
2301,,,1,1,2,1,1,2,0,1115,0
2302,,,1,1,2,1,1,2,0,1115,0
2296,,,145,200,345,145,200,345,0,1115,0.037867
2275,,,6,6,12,6,6,12,0,1115,0.142857
2285,,,1,1,2,1,1,2,0,1115,0
2304,,,7,10,17,7,10,17,0,1115,0.155556
2305,,,6,6,12,6,6,12,0,1115,0.266667
2306,,,29,26,55,29,26,55,0,1115,0.247126
2276,,,4,1,5,4,1,5,0,1115,0.65
2307,,,1,4,5,1,4,5,0,1115,0
2308,,,1,0,1,1,0,1,0,426,0
2303,,,23,28,51,23,28,51,0,1115,0.111828
2309,,,3,4,7,3,4,7,0,1115,0
2310,,,10,10,20,10,10,20,0,1115,0.177778
2311,,,11,12,23,11,12,23,0,1115,0.121212
2312,,,5,3,8,5,3,8,0,1115,0.3
2313,,,20,20,40,20,20,40,0,1115,0.063158
2314,,,1,0,1,1,0,1,0,1071,0
2316,,,3,2,5,3,2,5,0,1115,0
2317,,,3,3,6,3,3,6,0,1115,0
2318,,,32,38,70,32,38,70,0,1115,0.108974
2319,,,2,2,4,2,2,4,0,1115,0.333333
2320,,,1,1,2,1,1,2,0,1115,0
2321,,,1,1,2,1,1,2,0,1115,0
2322,,,31,29,60,31,29,60,0,1115,0.090909
2323,,,1,1,2,1,1,2,0,1115,0
2324,,,1,1,2,1,1,2,0,1115,0
2325,,,10,13,23,10,13,23,0,1115,0.28022
2326,,,1,2,3,1,2,3,0,1115,0
2327,,,1,1,2,1,1,2,0,1115,0
2330,,,1,1,2,1,1,2,0,1115,0
2331,,,1,1,2,1,1,2,0,817,0.5
2332,,,3,3,6,3,3,6,0,1115,0
2333,,,13,12,25,13,12,25,0,1115,0.208791
2334,,,3,3,6,3,3,6,0,1115,0.333333
2335,,,1,1,2,1,1,2,0,1115,0
2336,,,3,3,6,3,3,6,0,1115,0.666667
2337,,,3,3,6,3,3,6,0,1115,0.333333
2338,,,1,0,1,1,0,1,0,255,0
2339,,,1,1,2,1,1,2,0,1115,0
2340,,,1,1,2,1,1,2,0,1115,0
2341,,,3,4,7,3,4,7,0,1115,0.666667
2342,,,3,2,5,3,2,5,0,1115,0.333333
2343,,,9,3,12,9,3,12,0,1115,0.111111
2344,,,23,27,50,23,27,50,0,1115,0.10468
2345,,,1,1,2,1,1,2,0,1115,0
2348,,,2,2,4,2,2,4,0,1115,1
2349,,,5,7,12,5,7,12,0,1115,0.166667
2352,,,3,3,6,3,3,6,0,1115,0
2262,,,34,36,70,34,36,70,0,1115,0.189189
2346,,,6,6,12,6,6,12,0,1115,0.233333
2353,,,1,1,2,1,1,2,0,1115,0
2356,,,2,2,4,2,2,4,0,1115,0
2357,,,1,1,2,1,1,2,0,1115,0
2358,,,1,1,2,1,1,2,0,1115,0
2360,,,1,1,2,1,1,2,0,1115,0
2363,,,6,5,11,6,5,11,0,1115,0.238095
2364,,,3,4,7,3,4,7,0,1115,0.333333
2365,,,3,4,7,3,4,7,0,1115,0.083333
2366,,,1,1,2,1,1,2,0,1115,0
2368,,,1,1,2,1,1,2,0,1115,0
2328,,,26,35,61,26,35,61,0,1115,0.106349
2359,,,4,5,9,4,5,9,0,1115,0.35
2369,,,2,1,3,2,1,3,0,1115,1
2371,,,4,4,8,4,4,8,0,1115,0
2372,,,1,1,2,1,1,2,0,1115,0
2373,,,2,2,4,2,2,4,0,1115,1
2374,,,1,1,2,1,1,2,0,1115,0
2367,,,3,1,4,3,1,4,0,1115,0
2375,,,1,1,2,1,1,2,0,1115,0
2377,,,4,2,6,4,2,6,0,1115,0.666667
2242,,,1,1,2,1,1,2,0,1115,0
2379,,,2,2,4,2,2,4,0,1115,0
2378,,,47,55,102,47,55,102,0,1115,0.047633
2380,,,2,2,4,2,2,4,0,1115,1
2381,,,1,1,2,1,1,2,0,1115,0
2382,,,1,1,2,1,1,2,0,1115,0
2383,,,1,2,3,1,2,3,0,1115,0
2384,,,1,0,1,1,0,1,0,429,0
2249,,,7,8,15,7,8,15,0,1115,0.410714
2385,,,1,2,3,1,2,3,0,1115,0
2386,,,3,3,6,3,3,6,0,1115,0.166667
2387,,,1,3,4,1,3,4,0,1115,0
2389,,,5,5,10,5,5,10,0,1115,0
2390,,,2,2,4,2,2,4,0,1115,0
2370,,,5,6,11,5,6,11,0,1115,0.119048
2391,,,2,2,4,2,2,4,0,1115,0
2392,,,19,19,38,19,19,38,0,1115,0.242105
2393,,,2,2,4,2,2,4,0,1115,0.5
2394,,,1,1,2,1,1,2,0,1115,0
2395,,,1,1,2,1,1,2,0,1115,0
2362,,,1,1,2,1,1,2,0,1115,0
2315,,,14,17,31,14,17,31,0,1115,0.117647
2397,,,43,48,91,43,48,91,0,1115,0.121011
2398,,,14,11,25,14,11,25,0,1115,0.087912
2399,,,19,20,39,19,20,39,0,1115,0.123684
2400,,,2,2,4,2,2,4,0,1115,0
2401,,,1,1,2,1,1,2,0,1115,0
2350,,,2,2,4,2,2,4,0,1115,0.5
2404,,,63,65,128,63,65,128,0,1115,0.101085
2406,,,2,2,4,2,2,4,0,1115,0
2407,,,3,4,7,3,4,7,0,1115,0.166667
2408,,,4,4,8,4,4,8,0,1115,0.5
2411,,,5,4,9,5,4,9,0,1115,0.1
2405,,,7,5,12,7,5,12,0,1115,0.285714
2412,,,3,2,5,3,2,5,0,1115,0
2414,,,1,0,1,1,0,1,0,254,0
2417,,,1,1,2,1,1,2,0,1115,0
2291,,,5,5,10,5,5,10,0,1115,0.285714
2419,,,11,12,23,11,12,23,0,1115,0.126374
2420,,,2,4,6,2,4,6,0,1115,0
2421,,,2,2,4,2,2,4,0,1115,1
2422,,,1,1,2,1,1,2,0,1115,0
2351,,,4,44,48,4,44,48,0,1115,0.034343
2423,,,1,1,2,1,1,2,0,1115,0
2424,,,4,3,7,4,3,7,0,1115,0.166667
2425,,,1,0,1,1,0,1,0,380,0
2416,,,3,3,6,3,3,6,0,1115,0
2426,,,1,1,2,1,1,2,0,1115,0
2427,,,13,11,24,13,11,24,0,1115,0.038462
2428,,,2,1,3,2,1,3,0,1115,1
2429,,,3,2,5,3,2,5,0,1115,0
2403,,,1,2,3,1,2,3,0,1115,0
2430,,,10,8,18,10,8,18,0,1115,0.144444
2354,,,1,1,2,1,1,2,0,1115,0
2432,,,1,0,1,1,0,1,0,1070,0
2433,,,2,0,2,2,0,2,0,791,0.5
2434,,,6,3,9,6,3,9,0,1115,0.1
2415,,,5,5,10,5,5,10,0,1115,0.25
2435,,,2,2,4,2,2,4,0,1115,0
2436,,,1,1,2,1,1,2,0,1115,0
2437,,,12,14,26,12,14,26,0,1115,0.087912
2438,,,4,3,7,4,3,7,0,1115,0.5
2410,,,4,3,7,4,3,7,0,1115,0.2
2439,,,1,0,1,1,0,1,0,461,0
2440,,,1,1,2,1,1,2,0,1115,0
2441,,,2,3,5,2,3,5,0,1115,0.166667
2443,,,2,2,4,2,2,4,0,1115,1
2444,,,3,2,5,3,2,5,0,1115,0.333333
2445,,,1,1,2,1,1,2,0,1115,0
2409,,,7,4,11,7,4,11,0,1115,0.285714
2446,,,2,1,3,2,1,3,0,1115,0
2447,,,2,3,5,2,3,5,0,1115,0.333333
2449,,,6,4,10,6,4,10,0,1115,0.3
2450,,,1,0,1,1,0,1,0,1069,0
2451,,,1,1,2,1,1,2,0,1115,0
2452,,,1,1,2,1,1,2,0,1115,0
2453,,,2,0,2,2,0,2,0,892,1
2454,,,2,2,4,2,2,4,0,1115,0.5
2455,,,14,0,14,14,0,14,0,76,0.115385
2458,,,1,1,2,1,1,2,0,1115,0
2459,,,1,1,2,1,1,2,0,1115,0
2460,,,1,1,2,1,1,2,0,1115,0
2461,,,1,1,2,1,1,2,0,1115,0
2462,,,1,1,2,1,1,2,0,1115,0
2448,,,1,2,3,1,2,3,0,1115,1
2463,,,2,2,4,2,2,4,0,1115,0
2456,,,1,1,2,1,1,2,0,1115,0
2464,,,6,8,14,6,8,14,0,1115,0.053571
2418,,,0,1,1,0,1,1,0,1121,0
2466,,,2,2,4,2,2,4,0,1115,0.5
2468,,,1,1,2,1,1,2,0,1115,0
2469,,,1,1,2,1,1,2,0,1115,0
2470,,,5,5,10,5,5,10,0,1115,0.25
2471,,,3,1,4,3,1,4,0,1115,0.5
2473,,,2,2,4,2,2,4,0,1115,0
2472,,,14,15,29,14,15,29,0,1115,0.252381
2474,,,1,0,1,1,0,1,0,131,0
2475,,,10,10,20,10,10,20,0,1115,0.133333
2476,,,4,5,9,4,5,9,0,1115,0.2
2477,,,1,1,2,1,1,2,0,1115,0
2478,,,1,1,2,1,1,2,0,1115,0
2442,,,2,2,4,2,2,4,0,1115,1
2479,,,1,1,2,1,1,2,0,1115,0
2481,,,1,0,1,1,0,1,0,1068,0
2482,,,1,0,1,1,0,1,0,1067,0
2485,,,38,43,81,38,43,81,0,1115,0.030918
2486,,,5,5,10,5,5,10,0,1115,0.05
2484,,,18,16,34,18,16,34,0,1115,0.181287
2487,,,3,3,6,3,3,6,0,1115,0.333333
2488,,,1,1,2,1,1,2,0,1115,0
2483,,,1,2,3,1,2,3,0,1115,1
2480,,,4,0,4,4,0,4,0,147,0.166667
2489,,,2,0,2,2,0,2,0,385,0
2490,,,1,1,2,1,1,2,0,1115,0
2491,,,3,3,6,3,3,6,0,1115,0.833333
2492,,,1,1,2,1,1,2,0,1115,0
2493,,,1,1,2,1,1,2,0,1115,0
2273,,,1,1,2,1,1,2,0,1115,0
2495,,,4,3,7,4,3,7,0,1115,0.166667
2496,,,10,10,20,10,10,20,0,1115,0.288889
2494,,,6,7,13,6,7,13,0,1115,0.261905
2497,,,1,1,2,1,1,2,0,1115,0
2499,,,2,0,2,2,0,2,0,55,0
2498,,,45,0,45,45,0,45,0,34,0.132828
2500,,,1,1,2,1,1,2,0,1115,0
2501,,,2,4,6,2,4,6,0,1115,0
2502,,,2,2,4,2,2,4,0,1115,0
2503,,,3,1,4,3,1,4,0,1115,0
2504,,,1,1,2,1,1,2,0,1115,0
2505,,,7,4,11,7,4,11,0,1115,0.166667
2506,,,1,0,1,1,0,1,0,1066,0
2507,,,1,2,3,1,2,3,0,1115,1
2508,,,1,1,2,1,1,2,0,1115,0
2509,,,1,1,2,1,1,2,0,1115,0
2510,,,1,5,6,1,5,6,0,1115,0.05
2511,,,2,0,2,2,0,2,0,474,0
2512,,,2,3,5,2,3,5,0,1115,0.5
2513,,,2,1,3,2,1,3,0,1115,0
2514,,,5,1,6,5,1,6,0,1115,0.25
2515,,,1,1,2,1,1,2,0,1115,0
2516,,,5,9,14,5,9,14,0,1115,0.098485
2517,,,2,1,3,2,1,3,0,1115,0
2518,,,2,2,4,2,2,4,0,1115,1
2519,,,1,1,2,1,1,2,0,1115,0
2520,,,2,3,5,2,3,5,0,1115,0
2347,,,1,1,2,1,1,2,0,1115,0
2522,,,3,0,3,3,0,3,0,261,0.166667
2523,,,1,1,2,1,1,2,0,482,0
2521,,,4,4,8,4,4,8,0,1115,0.333333
2524,,,12,35,47,12,35,47,0,1115,0.111765
2525,,,3,3,6,3,3,6,0,1115,0
2527,,,1,0,1,1,0,1,0,1065,0
2528,,,1,0,1,1,0,1,0,1064,0
1954,,,3,1,4,3,1,4,0,1115,0.833333
2529,,,4,4,8,4,4,8,0,1115,0
2531,,,3,2,5,3,2,5,0,1115,0.666667
2532,,,3,0,3,3,0,3,0,139,0
2533,,,1,0,1,1,0,1,0,806,0
2534,,,1,1,2,1,1,2,0,1115,0
2535,,,7,7,14,7,7,14,0,1115,0
2536,,,8,10,18,8,10,18,0,1115,0.2
2537,,,3,3,6,3,3,6,0,1115,1
2355,,,2,1,3,2,1,3,0,1115,1
2538,,,27,25,52,27,25,52,0,1115,0.075397
2539,,,3,1,4,3,1,4,0,1115,0.25
2540,,,12,2,14,12,2,14,0,1115,0.098901
2541,,,3,1,4,3,1,4,0,1115,0.166667
2542,,,3,1,4,3,1,4,0,1115,0.166667
2543,,,3,1,4,3,1,4,0,1115,0.166667
2544,,,3,1,4,3,1,4,0,1115,0.166667
2545,,,3,1,4,3,1,4,0,1115,0.166667
2546,,,2,2,4,2,2,4,0,1115,0
2547,,,1,0,1,1,0,1,0,1063,0
2548,,,6,0,6,6,0,6,0,73,0.433333
2549,,,3,2,5,3,2,5,0,1115,0.45
2550,,,3,3,6,3,3,6,0,1115,0.083333
2551,,,1,0,1,1,0,1,0,1062,0
2552,,,17,19,36,17,19,36,0,1115,0.277778
2553,,,1,1,2,1,1,2,0,1115,0
2555,,,1,2,3,1,2,3,0,1115,1
2556,,,3,3,6,3,3,6,0,1115,0
2557,,,1,1,2,1,1,2,0,1115,0
2558,,,9,8,17,9,8,17,0,1115,0.333333
2559,,,1,1,2,1,1,2,0,1115,0
2561,,,6,5,11,6,5,11,0,1115,0.238095
2562,,,2,2,4,2,2,4,0,1115,0
2563,,,3,3,6,3,3,6,0,1115,0.5
2565,,,29,26,55,29,26,55,0,1115,0.05977
2566,,,12,7,19,12,7,19,0,1115,0.217949
2567,,,5,2,7,5,2,7,0,1115,0.433333
2568,,,7,7,14,7,7,14,0,1115,0.234848
2569,,,6,4,10,6,4,10,0,1115,0.428571
2570,,,5,2,7,5,2,7,0,1115,0.55
2571,,,7,1,8,7,1,8,0,1115,0.404762
2572,,,3,1,4,3,1,4,0,1115,0.666667
2573,,,4,1,5,4,1,5,0,1115,0.583333
2574,,,12,7,19,12,7,19,0,1115,0.154412
2575,,,1,1,2,1,1,2,0,1115,0
2576,,,2,1,3,2,1,3,0,1115,0.5
2577,,,1,0,1,1,0,1,0,1061,0
2578,,,2,2,4,2,2,4,0,1115,0.5
2579,,,1,1,2,1,1,2,0,1115,0
2564,,,2,1,3,2,1,3,0,1115,0
2580,,,7,3,10,7,3,10,0,1115,0.285714
2581,,,5,5,10,5,5,10,0,1115,0
2582,,,2,3,5,2,3,5,0,1115,0
2584,,,2,1,3,2,1,3,0,1115,0.5
2376,,,1,1,2,1,1,2,0,1115,0
2585,,,7,8,15,7,8,15,0,1115,0.263636
2586,,,1,1,2,1,1,2,0,1115,0
2587,,,2,2,4,2,2,4,0,1115,0
2588,,,3,2,5,3,2,5,0,1115,0.833333
2589,,,6,6,12,6,6,12,0,1115,0.2
2590,,,11,11,22,11,11,22,0,1115,0.204545
2591,,,1,1,2,1,1,2,0,1115,0
2592,,,5,6,11,5,6,11,0,1115,0.404762
2594,,,7,2,9,7,2,9,0,1115,0.380952
2595,,,1,0,1,1,0,1,0,1060,0
2596,,,1,0,1,1,0,1,0,1059,0
2597,,,3,2,5,3,2,5,0,1115,0.833333
2598,,,3,2,5,3,2,5,0,1115,0.833333
2600,,,82,84,166,82,84,166,0,1115,0.069901
2601,,,5,3,8,5,3,8,0,1115,0.533333
2602,,,4,0,4,4,0,4,0,244,0.666667
2603,,,4,3,7,4,3,7,0,1115,0.566667
2604,,,2,0,2,2,0,2,0,243,1
2605,,,5,5,10,5,5,10,0,1115,0.133333
2606,,,3,2,5,3,2,5,0,1115,0.666667
2530,,,1,0,1,1,0,1,0,1058,0
2608,,,1,1,2,1,1,2,0,1115,0
2610,,,5,5,10,5,5,10,0,1115,0.4
2611,,,1,1,2,1,1,2,0,1115,0
2612,,,4,4,8,4,4,8,0,1115,0.333333
2613,,,1,0,1,1,0,1,0,1057,0
2614,,,2,5,7,2,5,7,0,1115,0.1
2615,,,1,1,2,1,1,2,0,1115,0
2616,,,1,1,2,1,1,2,0,1115,0
2617,,,2,0,2,2,0,2,0,891,1
2619,,,1,0,1,1,0,1,0,523,0
2620,,,1,1,2,1,1,2,0,1115,0
2621,,,5,0,5,5,0,5,0,241,0.65
2622,,,4,2,6,4,2,6,0,242,0.6
2623,,,5,2,7,5,2,7,0,242,0.433333
2624,,,2,0,2,2,0,2,0,498,1
2625,,,133,90,223,133,90,223,0,1115,0.06146
2626,,,2,2,4,2,2,4,0,1115,0
2627,,,1,1,2,1,1,2,0,1115,0
2628,,,7,5,12,7,5,12,0,1115,0.245455
2629,,,6,0,6,6,0,6,0,267,0.5
2630,,,2,3,5,2,3,5,0,1115,0
2631,,,6,6,12,6,6,12,0,1115,0.245455
2633,,,4,0,4,4,0,4,0,274,0.166667
2632,,,4,5,9,4,5,9,0,1115,0.428571
2634,,,2,0,2,2,0,2,0,276,0.5
2635,,,64,79,143,64,79,143,0,1115,0.032303
2593,,,6,5,11,6,5,11,0,1115,0.133333
2636,,,8,8,16,8,8,16,0,1115,0.144444
2637,,,1,1,2,1,1,2,0,1115,0
2638,,,1,1,2,1,1,2,0,1115,0
2639,,,5,2,7,5,2,7,0,1115,0.2
2640,,,3,1,4,3,1,4,0,1115,0
2641,,,1,1,2,1,1,2,0,1115,0
2388,,,136,197,333,136,197,333,0,1115,0.050165
2329,,,1,0,1,1,0,1,0,602,0
2642,,,412,406,818,412,406,818,0,1115,0.019346
2643,,,1,1,2,1,1,2,0,1115,0
2644,,,4,3,7,4,3,7,0,1115,0.166667
2645,,,1,1,2,1,1,2,0,1115,0
2646,,,4,4,8,4,4,8,0,1115,0.666667
2647,,,52,60,112,52,60,112,0,1115,0.047867
2648,,,2,1,3,2,1,3,0,1115,0
2649,,,1,1,2,1,1,2,0,1115,0
2651,,,1,1,2,1,1,2,0,1115,0
2653,,,1,0,1,1,0,1,0,1056,0
2655,,,2,0,2,2,0,2,0,138,0
2657,,,10,7,17,10,7,17,0,1115,0.217949
2658,,,23,42,65,23,42,65,0,1115,0.119979
2659,,,1,1,2,1,1,2,0,1115,0
2660,,,2,1,3,2,1,3,0,1115,0.5
2661,,,18,15,33,18,15,33,0,1115,0.11413
2662,,,1,2,3,1,2,3,0,1115,0
2663,,,2,1,3,2,1,3,0,1115,0
2396,,,4,8,12,4,8,12,0,1115,0.017857
2664,,,1,1,2,1,1,2,0,1115,0
2665,,,3,2,5,3,2,5,0,1115,0.333333
2666,,,5,1,6,5,1,6,0,1115,0.4
2667,,,1,1,2,1,1,2,0,1115,0
2668,,,1,4,5,1,4,5,0,1115,0.333333
2669,,,5,2,7,5,2,7,0,1115,0.55
2670,,,7,7,14,7,7,14,0,1115,0.236364
2671,,,5,1,6,5,1,6,0,1115,0.4
2672,,,9,6,15,9,6,15,0,1115,0.247253
2673,,,2,0,2,2,0,2,0,275,0.5
2674,,,9,5,14,9,5,14,0,1115,0.2
2675,,,3,2,5,3,2,5,0,1115,0.333333
2677,,,2,4,6,2,4,6,0,1115,0.45
2676,,,6,4,10,6,4,10,0,1115,0.194444
2678,,,4,4,8,4,4,8,0,1115,0.285714
2681,,,3,2,5,3,2,5,0,1115,0
2680,,,6,12,18,6,12,18,0,1115,0.456044
2682,,,7,12,19,7,12,19,0,1115,0.435897
2683,,,8,7,15,8,7,15,0,1115,0.444444
2684,,,6,9,15,6,9,15,0,1115,0.5
2685,,,1,1,2,1,1,2,0,1115,0
2686,,,6,3,9,6,3,9,0,1115,0.133333
2687,,,1,0,1,1,0,1,0,1055,0
2607,,,2,2,4,2,2,4,0,1115,0.666667
2689,,,3,0,3,3,0,3,0,273,0.5
2690,,,3,1,4,3,1,4,0,1115,1
1781,,,1,0,1,1,0,1,0,1054,0
2693,,,6,6,12,6,6,12,0,1115,0.142857
2694,,,4,2,6,4,2,6,0,125,0.233333
2695,,,2,1,3,2,1,3,0,126,0.5
2696,,,1,1,2,1,1,2,0,1115,0
2697,,,2,0,2,2,0,2,0,124,0.5
2698,,,2,0,2,2,0,2,0,123,0.5
2699,,,6,1,7,6,1,7,0,1115,0.266667
2701,,,7,2,9,7,2,9,0,1115,0.333333
2702,,,7,3,10,7,3,10,0,1115,0.267857
2700,,,9,5,14,9,5,14,0,1115,0.245455
2703,,,4,1,5,4,1,5,0,122,0.3
2704,,,5,1,6,5,1,6,0,121,0.35
2705,,,4,1,5,4,1,5,0,121,0.333333
2706,,,2,0,2,2,0,2,0,389,0
2707,,,2,0,2,2,0,2,0,388,0
2708,,,2,0,2,2,0,2,0,387,0
2709,,,2,0,2,2,0,2,0,386,0
2710,,,17,18,35,17,18,35,0,1115,0.147059
2711,,,2,8,10,2,8,10,0,1115,0.071429
2713,,,2,2,4,2,2,4,0,1115,0
2715,,,1,1,2,1,1,2,0,1115,0
2716,,,7,5,12,7,5,12,0,1115,0.214286
2712,,,5,2,7,5,2,7,0,117,0.133333
2717,,,2,3,5,2,3,5,0,117,0.25
2718,,,3,1,4,3,1,4,0,117,0.333333
2719,,,1,1,2,1,1,2,0,1115,0
2720,,,4,3,7,4,3,7,0,1115,0.433333
2721,,,5,0,5,5,0,5,0,120,0.5
2722,,,3,0,3,3,0,3,0,411,0.333333
2723,,,2,3,5,2,3,5,0,1115,0.333333
2726,,,7,7,14,7,7,14,0,1115,0.267857
2599,,,2,2,4,2,2,4,0,1115,1
2727,,,1,1,2,1,1,2,0,1115,0
2729,,,1,1,2,1,1,2,0,1115,0
2728,,,29,26,55,29,26,55,0,1115,0.115054
2731,,,5,9,14,5,9,14,0,1115,0.069444
2714,,,4,2,6,4,2,6,0,1115,0.1
2732,,,5,6,11,5,6,11,0,1115,0.2
2734,,,1,0,1,1,0,1,0,495,0
2735,,,3,1,4,3,1,4,0,115,0.333333
2736,,,2,1,3,2,1,3,0,115,0.5
2737,,,4,1,5,4,1,5,0,1115,0.416667
2738,,,3,3,6,3,3,6,0,1115,0.3
2739,,,2,2,4,2,2,4,0,1115,0
2740,,,2,1,3,2,1,3,0,1115,1
2654,,,6,4,10,6,4,10,0,1115,0.233333
2741,,,3,0,3,3,0,3,0,272,0.166667
2742,,,4,4,8,4,4,8,0,1115,0.166667
2743,,,1,0,1,1,0,1,0,1114,0
2744,,,2,1,3,2,1,3,0,271,0.333333
2745,,,2,2,4,2,2,4,0,270,0.333333
2746,,,3,2,5,3,2,5,0,269,0.333333
2747,,,3,1,4,3,1,4,0,269,0.166667
2748,,,1,1,2,1,1,2,0,1115,0
2749,,,3,0,3,3,0,3,0,268,0.5
2750,,,1,1,2,1,1,2,0,1115,0
2752,,,3,0,3,3,0,3,0,116,0
2753,,,2,0,2,2,0,2,0,465,0
2725,,,68,66,134,68,66,134,0,1115,0.112253
2754,,,3,3,6,3,3,6,0,1115,0
2755,,,21,21,42,21,21,42,0,1115,0.139493
2756,,,1,1,2,1,1,2,0,1115,0
2757,,,6,4,10,6,4,10,0,1115,0.1
2758,,,3,3,6,3,3,6,0,1115,0.5
2760,,,1,0,1,1,0,1,0,464,0
2762,,,4,4,8,4,4,8,0,1115,0.5
2763,,,27,31,58,27,31,58,0,1115,0.166667
2765,,,1,1,2,1,1,2,0,1115,0
2766,,,2,1,3,2,1,3,0,1115,0.5
2724,,,5,4,9,5,4,9,0,1115,0.2
2768,,,2,2,4,2,2,4,0,1115,0
2761,,,3,3,6,3,3,6,0,1115,0.5
2769,,,2,1,3,2,1,3,0,1115,0
2770,,,5,4,9,5,4,9,0,1115,0.05
2771,,,1,1,2,1,1,2,0,1115,0
2691,,,4,41,45,4,41,45,0,1115,0.047038
2751,,,2,3,5,2,3,5,0,1115,0.5
2772,,,3,2,5,3,2,5,0,1115,0.333333
2773,,,1,0,1,1,0,1,0,1053,0
2774,,,2,2,4,2,2,4,0,1115,1
2776,,,1,1,2,1,1,2,0,1115,0
2777,,,17,17,34,17,17,34,0,1115,0.122807
2779,,,2,1,3,2,1,3,0,1115,0.5
2733,,,23,21,44,23,21,44,0,1115,0.26
2780,,,17,18,35,17,18,35,0,1115,0.195906
2781,,,3,2,5,3,2,5,0,1115,0.666667
2782,,,6,6,12,6,6,12,0,1115,0
2783,,,1,1,2,1,1,2,0,1115,0
2775,,,19,20,39,19,20,39,0,1115,0.104743
2786,,,1,1,2,1,1,2,0,1115,0
2787,,,3,1,4,3,1,4,0,1115,0.333333
2788,,,3,3,6,3,3,6,0,1115,0
2789,,,2,5,7,2,5,7,0,1115,0.15
2784,,,23,23,46,23,23,46,0,1115,0.158103
2790,,,1,1,2,1,1,2,0,1115,0
2791,,,1,1,2,1,1,2,0,1115,0
2778,,,9,8,17,9,8,17,0,1115,0.177778
2792,,,1,1,2,1,1,2,0,1115,0
2793,,,1,1,2,1,1,2,0,1115,0
2795,,,12,17,29,12,17,29,0,1115,0.216912
2679,,,3,3,6,3,3,6,0,1115,0.583333
2797,,,1,1,2,1,1,2,0,1115,0
2798,,,1,1,2,1,1,2,0,1115,0
2799,,,2,2,4,2,2,4,0,1115,1
2800,,,2,2,4,2,2,4,0,1115,0
2801,,,4,3,7,4,3,7,0,1115,0.233333
2802,,,1,2,3,1,2,3,0,1115,1
2803,,,6,6,12,6,6,12,0,1115,0.366667
2618,,,3,1,4,3,1,4,0,1115,0
2804,,,2,2,4,2,2,4,0,1115,0
645,,,2,0,2,2,0,2,0,236,0
2805,,,11,12,23,11,12,23,0,1115,0.075758
2796,,,2,1,3,2,1,3,0,1115,0
2609,,,3,3,6,3,3,6,0,1115,0.5
2806,,,2,2,4,2,2,4,0,1115,0
2807,,,2,2,4,2,2,4,0,1115,0
2808,,,4,4,8,4,4,8,0,1115,0.333333
2809,,,4,4,8,4,4,8,0,1115,0.416667
2810,,,1,1,2,1,1,2,0,1115,0
2811,,,3,3,6,3,3,6,0,1115,0
2812,,,7,8,15,7,8,15,0,1115,0.236111
2813,,,2,2,4,2,2,4,0,1115,0
2814,,,1,1,2,1,1,2,0,1115,0
2815,,,2,0,2,2,0,2,0,132,0.5
2816,,,1,1,2,1,1,2,0,1115,0
2817,,,3,2,5,3,2,5,0,1115,0.166667
2819,,,6,6,12,6,6,12,0,1115,0.266667
2820,,,1,0,1,1,0,1,0,1052,0
2818,,,2,2,4,2,2,4,0,1115,0
2823,,,4,4,8,4,4,8,0,1115,0
2730,,,5,5,10,5,5,10,0,1115,0.65
2824,,,1,1,2,1,1,2,0,1115,0
2825,,,2,5,7,2,5,7,0,1115,0.4
2827,,,1,1,2,1,1,2,0,1115,0
2822,,,16,27,43,16,27,43,0,1115,0.187356
2828,,,3,3,6,3,3,6,0,1115,1
2785,,,1,1,2,1,1,2,0,1115,0
2829,,,4,4,8,4,4,8,0,1115,0.333333
2821,,,4,5,9,4,5,9,0,1115,0.95
2832,,,1,1,2,1,1,2,0,1115,0
2833,,,1,1,2,1,1,2,0,1115,0
2830,,,1,1,2,1,1,2,0,1115,0
2834,,,1,0,1,1,0,1,0,1051,0
2836,,,1,1,2,1,1,2,0,1115,0
2838,,,3,3,6,3,3,6,0,1115,0
2839,,,10,10,20,10,10,20,0,1115,0.155556
2840,,,6,7,13,6,7,13,0,1115,0.041667
2843,,,1,1,2,1,1,2,0,1115,0
2841,,,1,1,2,1,1,2,0,1115,0
2844,,,2,2,4,2,2,4,0,1115,0
2826,,,1,1,2,1,1,2,0,1115,0
2846,,,1,1,2,1,1,2,0,1115,0
2794,,,1,1,2,1,1,2,0,1115,0
2831,,,1,1,2,1,1,2,0,1115,0
2848,,,23,28,51,23,28,51,0,1115,0.07931
2849,,,1,1,2,1,1,2,0,1115,0
2845,,,3,5,8,3,5,8,0,1115,0
2850,,,1,1,2,1,1,2,0,1115,0
2851,,,7,4,11,7,4,11,0,1115,0.166667
2852,,,3,3,6,3,3,6,0,1115,0
2853,,,1,1,2,1,1,2,0,1115,0
2835,,,64,71,135,64,71,135,0,1115,0.116058
2856,,,1,1,2,1,1,2,0,1115,0
2855,,,0,1,1,0,1,1,0,1122,0
2857,,,2,3,5,2,3,5,0,1115,0
2858,,,2,2,4,2,2,4,0,1115,0
2859,,,10,13,23,10,13,23,0,1115,0.032967
2860,,,4,1,5,4,1,5,0,1115,0.333333
2862,,,2,2,4,2,2,4,0,1115,1
2854,,,1,1,2,1,1,2,0,1115,0
2863,,,1,0,1,1,0,1,0,460,0
2864,,,1,0,1,1,0,1,0,783,0
2865,,,2,2,4,2,2,4,0,1115,0
2866,,,3,2,5,3,2,5,0,1115,0.833333
2868,,,4,3,7,4,3,7,0,1115,0.5
2869,,,1,1,2,1,1,2,0,1115,0
2767,,,9,9,18,9,9,18,0,1115,0.305556
2870,,,2,2,4,2,2,4,0,1115,0
2867,,,5,5,10,5,5,10,0,1115,0.466667
2871,,,2,1,3,2,1,3,0,1115,0
2872,,,2,1,3,2,1,3,0,1115,0
2873,,,2,2,4,2,2,4,0,1115,1
2688,,,20,21,41,20,21,41,0,1115,0.206522
2861,,,14,17,31,14,17,31,0,1115,0.101307
2874,,,3,3,6,3,3,6,0,1115,0.5
2875,,,4,5,9,4,5,9,0,1115,0.3
2877,,,5,65,70,5,65,70,0,1115,0.023519
2878,,,9,11,20,9,11,20,0,1115,0.083333
2879,,,5,3,8,5,3,8,0,1115,0.2
2880,,,18,20,38,18,20,38,0,1115,0.272727
2882,,,1,1,2,1,1,2,0,1115,0
2881,,,6,3,9,6,3,9,0,1115,0.1
2883,,,1,0,1,1,0,1,0,374,0
2884,,,2,2,4,2,2,4,0,1115,1
2885,,,2,2,4,2,2,4,0,1115,0
2886,,,1,1,2,1,1,2,0,1115,0
2837,,,4,4,8,4,4,8,0,1115,0.75
2876,,,6,6,12,6,6,12,0,1115,0.633333
2887,,,2,4,6,2,4,6,0,1115,0.15
2888,,,2,2,4,2,2,4,0,1115,0
2889,,,5,4,9,5,4,9,0,1115,0.35
2891,,,4,4,8,4,4,8,0,1115,0
2892,,,10,11,21,10,11,21,0,1115,0.136364
2893,,,2,1,3,2,1,3,0,1115,1
2894,,,1,2,3,1,2,3,0,1115,0
2895,,,2,2,4,2,2,4,0,1115,1
2896,,,3,3,6,3,3,6,0,1115,0
2898,,,9,8,17,9,8,17,0,1115,0.133333
2900,,,1,1,2,1,1,2,0,1115,0
2901,,,10,6,16,10,6,16,0,1115,0.427273
2897,,,71,76,147,71,76,147,0,1115,0.061625
2904,,,1,2,3,1,2,3,0,1115,0
2903,,,14,11,25,14,11,25,0,1115,0.049451
2905,,,2,2,4,2,2,4,0,1115,0
2906,,,6,6,12,6,6,12,0,1115,0
2908,,,2,2,4,2,2,4,0,1115,1
2909,,,2,2,4,2,2,4,0,1115,0
2910,,,5,4,9,5,4,9,0,1115,0.6
2911,,,2,0,2,2,0,2,0,459,0
2912,,,1,1,2,1,1,2,0,1115,0
2914,,,1,1,2,1,1,2,0,1115,0
2915,,,4,5,9,4,5,9,0,1115,0.45
2916,,,3,3,6,3,3,6,0,1115,1
2917,,,1,0,1,1,0,1,0,601,0
2918,,,1,3,4,1,3,4,0,1115,0
2920,,,1,1,2,1,1,2,0,1115,0
2921,,,1,0,1,1,0,1,0,219,0
2923,,,2,2,4,2,2,4,0,1115,1
2919,,,4,1,5,4,1,5,0,218,0
2922,,,2,1,3,2,1,3,0,218,0
2924,,,1,1,2,1,1,2,0,1115,0
2925,,,2,2,4,2,2,4,0,1115,0.5
2926,,,2,0,2,2,0,2,0,263,0
2927,,,1,0,1,1,0,1,0,1050,0
2928,,,5,5,10,5,5,10,0,1115,0.233333
2930,,,1,1,2,1,1,2,0,1115,0
2847,,,2,2,4,2,2,4,0,1115,1
2932,,,1,0,1,1,0,1,0,67,0
2933,,,4,1,5,4,1,5,0,1115,0.333333
2935,,,1,0,1,1,0,1,0,436,0
2936,,,1,1,2,1,1,2,0,1115,0
2937,,,3,4,7,3,4,7,0,1115,0.416667
2938,,,0,1,1,0,1,1,0,1123,0
2939,,,2,2,4,2,2,4,0,1115,0
2940,,,8,8,16,8,8,16,0,1115,0.055556
2941,,,1,1,2,1,1,2,0,1115,0
2942,,,123,128,251,123,128,251,0,1115,0.081738
2943,,,14,13,27,14,13,27,0,1115,0.401099
2944,,,9,9,18,9,9,18,0,1115,0.708333
2945,,,2,2,4,2,2,4,0,1115,0
2946,,,1,1,2,1,1,2,0,1115,0
2947,,,1,0,1,1,0,1,0,1049,0
2948,,,8,7,15,8,7,15,0,1115,0.208333
2656,,,2,1,3,2,1,3,0,1115,0.5
2953,,,2,0,2,2,0,2,0,256,0
2931,,,1,1,2,1,1,2,0,1115,0
2955,,,2,2,4,2,2,4,0,1115,0
2956,,,1,1,2,1,1,2,0,1115,0
2959,,,1,1,2,1,1,2,0,1115,0
2961,,,14,16,30,14,16,30,0,1115,0.295833
2962,,,15,9,24,15,9,24,0,1115,0.235294
2963,,,9,9,18,9,9,18,0,1115,0.363636
2960,,,2,1,3,2,1,3,0,1115,0
2964,,,3,0,3,3,0,3,0,157,0
2965,,,1,0,1,1,0,1,0,914,0
2968,,,1,0,1,1,0,1,0,624,0
2970,,,2,0,2,2,0,2,0,68,0
1975,,,1,0,1,1,0,1,0,913,0
2971,,,2,0,2,2,0,2,0,771,0
2972,,,1,0,1,1,0,1,0,1048,0
2974,,,1,1,2,1,1,2,0,1115,0
2899,,,1,1,2,1,1,2,0,1115,0
2975,,,1,1,2,1,1,2,0,1115,0
2976,,,2,2,4,2,2,4,0,1115,1
2977,,,16,18,34,16,18,34,0,1115,0.29085
2978,,,1,1,2,1,1,2,0,1115,0
2980,,,2,1,3,2,1,3,0,1115,0
2934,,,48,78,126,48,78,126,0,1115,0.047928
2982,,,1,2,3,1,2,3,0,1115,0
2929,,,5,4,9,5,4,9,0,1115,0.5
2983,,,1,1,2,1,1,2,0,1115,0
2984,,,1,1,2,1,1,2,0,1115,0
2981,,,4,5,9,4,5,9,0,1115,0.3
2985,,,1,0,1,1,0,1,0,1047,0
2986,,,1,0,1,1,0,1,0,1046,0
2973,,,2,3,5,2,3,5,0,1115,0
2988,,,1,0,1,1,0,1,0,534,0
2989,,,1,1,2,1,1,2,0,1115,0
2990,,,1,0,1,1,0,1,0,1045,0
2991,,,1,1,2,1,1,2,0,1115,0
2992,,,4,2,6,4,2,6,0,1115,0.25
2993,,,4,3,7,4,3,7,0,1115,0.166667
2994,,,1,1,2,1,1,2,0,1115,0
2952,,,4,5,9,4,5,9,0,1115,0.3
2995,,,1,1,2,1,1,2,0,1115,0
2997,,,1,1,2,1,1,2,0,1115,0
2998,,,2,2,4,2,2,4,0,1115,0
2999,,,1,1,2,1,1,2,0,1115,0
3000,,,30,31,61,30,31,61,0,1115,0.177419
2987,,,12,8,20,12,8,20,0,1115,0.356061
3001,,,8,8,16,8,8,16,0,1115,0.142857
2996,,,1,0,1,1,0,1,0,69,0
3002,,,7,6,13,7,6,13,0,1115,0.428571
3005,,,4,5,9,4,5,9,0,1115,0.15
3003,,,7,6,13,7,6,13,0,1115,0.375
3008,,,2,1,3,2,1,3,0,1115,1
3009,,,1,1,2,1,1,2,0,1115,0
3010,,,1,1,2,1,1,2,0,1115,0
3011,,,1,1,2,1,1,2,0,1115,0
2950,,,4,4,8,4,4,8,0,1115,0.5
3012,,,1,1,2,1,1,2,0,1115,0
3013,,,29,27,56,29,27,56,0,1115,0.240927
3006,,,14,12,26,14,12,26,0,1115,0.145833
3015,,,2,4,6,2,4,6,0,1115,0
3016,,,3,4,7,3,4,7,0,1115,0.1
3017,,,1,1,2,1,1,2,0,1115,0
3018,,,64,69,133,64,69,133,0,1115,0.024309
3019,,,3,2,5,3,2,5,0,1115,0.666667
3020,,,10,13,23,10,13,23,0,1115,0.512821
3021,,,2,1,3,2,1,3,0,1115,0
2183,,,1,1,2,1,1,2,0,1115,0
3022,,,1,0,1,1,0,1,0,835,0
3023,,,8,6,14,8,6,14,0,1115,0.089286
3025,,,6,0,6,6,0,6,0,395,0.3
3026,,,1,1,2,1,1,2,0,1115,0
3027,,,6,0,6,6,0,6,0,458,0.2
3028,,,1,0,1,1,0,1,0,1044,0
3029,,,8,9,17,8,9,17,0,1115,0.088889
3030,,,1,0,1,1,0,1,0,610,0
3031,,,1,2,3,1,2,3,0,1115,0
3033,,,2,3,5,2,3,5,0,1115,0.666667
2402,,,3,3,6,3,3,6,0,1115,0.333333
3034,,,1,1,2,1,1,2,0,1115,0
2969,,,4,5,9,4,5,9,0,1115,0.9
3035,,,2,1,3,2,1,3,0,1115,1
3036,,,8,8,16,8,8,16,0,1115,0.180556
3037,,,5,6,11,5,6,11,0,1115,0.566667
3038,,,1,1,2,1,1,2,0,1115,0
3041,,,1,2,3,1,2,3,0,1115,0
3040,,,34,37,71,34,37,71,0,1115,0.149798
3045,,,7,8,15,7,8,15,0,1115,0.089286
3046,,,1,1,2,1,1,2,0,1115,0
3044,,,6,6,12,6,6,12,0,1115,0.333333
3048,,,1,0,1,1,0,1,0,623,0
3049,,,1,0,1,1,0,1,0,912,0
3050,,,4,4,8,4,4,8,0,1115,0.416667
3051,,,1,0,1,1,0,1,0,1043,0
3052,,,1,0,1,1,0,1,0,435,0
3053,,,1,1,2,1,1,2,0,1115,0
3054,,,3,4,7,3,4,7,0,1115,0.666667
3055,,,1,1,2,1,1,2,0,1115,0
3058,,,1,0,1,1,0,1,0,425,0
3059,,,3,1,4,3,1,4,0,1115,0.666667
2949,,,1,1,2,1,1,2,0,1115,0
3060,,,3,2,5,3,2,5,0,1115,0.333333
3063,,,6,6,12,6,6,12,0,1115,0.3
3064,,,1,1,2,1,1,2,0,1115,0
3065,,,2,1,3,2,1,3,0,1115,0.5
3066,,,2,0,2,2,0,2,0,230,0
3067,,,2,2,4,2,2,4,0,1115,0.5
3068,,,1,0,1,1,0,1,0,434,0
3070,,,1,1,2,1,1,2,0,1115,0
3069,,,1,1,2,1,1,2,0,1115,0
3073,,,1,0,1,1,0,1,0,586,0
3075,,,1,1,2,1,1,2,0,1115,0
3076,,,3,3,6,3,3,6,0,1115,0.333333
3071,,,1,0,1,1,0,1,0,886,0
3077,,,2,0,2,2,0,2,0,515,0
3078,,,2,2,4,2,2,4,0,1115,0
3080,,,1,1,2,1,1,2,0,1115,0
3081,,,1,1,2,1,1,2,0,1115,0
3082,,,2,2,4,2,2,4,0,1115,1
3083,,,1,1,2,1,1,2,0,1115,0
3084,,,2,2,4,2,2,4,0,1115,1
2692,,,2,3,5,2,3,5,0,1115,0.333333
3056,,,2,2,4,2,2,4,0,1115,0
3085,,,2,1,3,2,1,3,0,1115,0
3086,,,19,12,31,19,12,31,0,1115,0.092105
3087,,,5,5,10,5,5,10,0,1115,0
3088,,,1,1,2,1,1,2,0,1115,0
3089,,,1,1,2,1,1,2,0,1115,0
3090,,,1,1,2,1,1,2,0,1115,0
2890,,,1,1,2,1,1,2,0,1115,0
3092,,,2,2,4,2,2,4,0,1115,0
3093,,,3,3,6,3,3,6,0,1115,0.666667
3094,,,1,1,2,1,1,2,0,1115,0
3095,,,1,0,1,1,0,1,0,1042,0
3097,,,1,0,1,1,0,1,0,57,0
3098,,,1,1,2,1,1,2,0,1115,0
3099,,,36,46,82,36,46,82,0,1115,0.047533
3079,,,1,1,2,1,1,2,0,1115,0
3102,,,2,2,4,2,2,4,0,1115,0.5
3103,,,4,5,9,4,5,9,0,1115,0.15
3104,,,3,2,5,3,2,5,0,1115,0.333333
3105,,,10,11,21,10,11,21,0,1115,0.263636
3106,,,4,3,7,4,3,7,0,1115,0.5
3107,,,25,25,50,25,25,50,0,1115,0.203704
3108,,,1,0,1,1,0,1,0,457,0
3109,,,1,0,1,1,0,1,0,456,0
3110,,,3,3,6,3,3,6,0,1115,0.166667
3111,,,2,2,4,2,2,4,0,1115,1
3112,,,1,1,2,1,1,2,0,1115,0
3114,,,1,1,2,1,1,2,0,1115,0
3115,,,1,1,2,1,1,2,0,1115,0
3116,,,2,1,3,2,1,3,0,1115,0
3117,,,1,0,1,1,0,1,0,1041,0
3118,,,1,0,1,1,0,1,0,1040,0
3119,,,10,10,20,10,10,20,0,1115,0.133333
3120,,,3,5,8,3,5,8,0,1115,0.3
3122,,,3,3,6,3,3,6,0,1115,0.333333
3123,,,2,2,4,2,2,4,0,1115,0
3124,,,1,1,2,1,1,2,0,1115,0
3125,,,1,1,2,1,1,2,0,1115,0
3127,,,2,3,5,2,3,5,0,1115,0
3128,,,1,1,2,1,1,2,0,1115,0
3129,,,17,212,229,17,212,229,0,1115,0.006635
3132,,,1,0,1,1,0,1,0,355,0
3047,,,9,9,18,9,9,18,0,1115,0.222222
3138,,,1,1,2,1,1,2,0,1115,0
3139,,,1,1,2,1,1,2,0,1115,0
3140,,,1,3,4,1,3,4,0,1115,0.666667
3141,,,1,1,2,1,1,2,0,1115,0
3142,,,2,3,5,2,3,5,0,1115,0.333333
3145,,,2,0,2,2,0,2,0,790,1
3113,,,16,16,32,16,16,32,0,1115,0.279412
3146,,,10,10,20,10,10,20,0,1115,0.255556
3147,,,1,1,2,1,1,2,0,1115,0
3148,,,3,3,6,3,3,6,0,1115,0
3149,,,1,0,1,1,0,1,0,155,0
3150,,,1,1,2,1,1,2,0,1115,0
3151,,,1,1,2,1,1,2,0,1115,0
3144,,,1,1,2,1,1,2,0,1115,0
3153,,,3,5,8,3,5,8,0,1115,0.047619
3154,,,1,0,1,1,0,1,0,473,0
3137,,,2,2,4,2,2,4,0,1115,0
3155,,,3,3,6,3,3,6,0,1115,0.333333
3156,,,1,0,1,1,0,1,0,1039,0
3136,,,9,10,19,9,10,19,0,1115,0.244444
3157,,,1,1,2,1,1,2,0,1115,0
3158,,,1,1,2,1,1,2,0,1115,0
3121,,,1,1,2,1,1,2,0,1115,0
3159,,,1,0,1,1,0,1,0,634,0
3161,,,20,26,46,20,26,46,0,1115,0.181538
3163,,,2,0,2,2,0,2,0,472,0
3164,,,1,1,2,1,1,2,0,1115,0
3165,,,6,5,11,6,5,11,0,1115,0.433333
3166,,,2,2,4,2,2,4,0,1115,1
3162,,,1,0,1,1,0,1,0,885,0
3167,,,1,0,1,1,0,1,0,834,0
3169,,,1,1,2,1,1,2,0,1115,0
3171,,,2,1,3,2,1,3,0,1115,0
2759,,,1,1,2,1,1,2,0,1115,0
3173,,,1,1,2,1,1,2,0,1115,0.5
3174,,,1,1,2,1,1,2,0,1115,0
3175,,,2,0,2,2,0,2,0,622,0
3176,,,1,0,1,1,0,1,0,1038,0
3177,,,1,0,1,1,0,1,0,1037,0
3178,,,2,0,2,2,0,2,0,860,0
3179,,,1,0,1,1,0,1,0,1036,0
3180,,,1,1,2,1,1,2,0,1115,0
3181,,,1,1,2,1,1,2,0,1115,0
3172,,,7,8,15,7,8,15,0,1115,0.267857
3182,,,5,6,11,5,6,11,0,1115,0.4
3183,,,2,2,4,2,2,4,0,1115,0
3185,,,9,9,18,9,9,18,0,1115,0.611111
3184,,,2,2,4,2,2,4,0,1115,1
3187,,,1,1,2,1,1,2,0,1115,0
3188,,,1,1,2,1,1,2,0,1115,0
3190,,,3,4,7,3,4,7,0,1115,0
3191,,,2,1,3,2,1,3,0,1115,0
3192,,,1,1,2,1,1,2,0,1115,0
3024,,,2,2,4,2,2,4,0,1115,1
3193,,,5,4,9,5,4,9,0,1115,0.160714
3194,,,6,6,12,6,6,12,0,1115,0.333333
3195,,,15,14,29,15,14,29,0,1115,0.233333
3196,,,2,3,5,2,3,5,0,1115,0.333333
3197,,,10,11,21,10,11,21,0,1115,0.160256
3198,,,3,2,5,3,2,5,0,1115,1
3199,,,1,2,3,1,2,3,0,1115,0
3200,,,1,0,1,1,0,1,0,1034,0
3201,,,1,0,1,1,0,1,0,1035,0
3202,,,2,2,4,2,2,4,0,1115,1
3203,,,2,2,4,2,2,4,0,1115,1
3204,,,6,8,14,6,8,14,0,1115,0.227273
2526,,,1,1,2,1,1,2,0,1115,0
3205,,,1,1,2,1,1,2,0,1115,0
3206,,,2,2,4,2,2,4,0,1115,0
3208,,,11,8,19,11,8,19,0,1115,0.190909
3209,,,4,4,8,4,4,8,0,1115,0.166667
3210,,,2,1,3,2,1,3,0,1115,1
3211,,,2,3,5,2,3,5,0,1115,0.333333
3212,,,1,0,1,1,0,1,0,1033,0
3213,,,1,0,1,1,0,1,0,1032,0
3214,,,5,4,9,5,4,9,0,1115,0.3
3215,,,1,1,2,1,1,2,0,1115,0
3061,,,1,0,1,1,0,1,0,833,0
3216,,,1,1,2,1,1,2,0,1115,0
3217,,,3,3,6,3,3,6,0,1115,0.666667
3218,,,1,1,2,1,1,2,0,1115,0
3219,,,47,46,93,47,46,93,0,1115,0.102394
3220,,,2,2,4,2,2,4,0,1115,1
3221,,,3,3,6,3,3,6,0,1115,0
3222,,,1,1,2,1,1,2,0,1115,0
3223,,,20,22,42,20,22,42,0,1115,0.138528
3224,,,1,0,1,1,0,1,0,262,0
3226,,,1,2,3,1,2,3,0,1115,0
3227,,,2,2,4,2,2,4,0,1115,0
3228,,,1,0,1,1,0,1,0,1031,0
3229,,,14,13,27,14,13,27,0,1115,0.304762
3230,,,1,2,3,1,2,3,0,1115,1
3043,,,2,2,4,2,2,4,0,1115,1
3231,,,4,4,8,4,4,8,0,1115,0.25
3232,,,1,1,2,1,1,2,0,1115,0
3233,,,15,13,28,15,13,28,0,1115,0.129167
3234,,,1,1,2,1,1,2,0,1115,0
3235,,,1,0,1,1,0,1,0,626,0
3237,,,12,14,26,12,14,26,0,1115,0.2125
3238,,,1,1,2,1,1,2,0,1115,0
3239,,,18,19,37,18,19,37,0,1115,0.110526
3240,,,1,1,2,1,1,2,0,1115,0
3241,,,2,2,4,2,2,4,0,1115,1
3225,,,4,4,8,4,4,8,0,1115,0.333333
3242,,,5,5,10,5,5,10,0,1115,0.5
3243,,,1,1,2,1,1,2,0,1115,0
3244,,,1,1,2,1,1,2,0,1115,0
3032,,,1,1,2,1,1,2,0,1115,0
3062,,,6,4,10,6,4,10,0,1115,0.309524
3245,,,1,1,2,1,1,2,0,1115,0
3246,,,4,4,8,4,4,8,0,1115,0.583333
3248,,,2,2,4,2,2,4,0,1115,0
3249,,,1,1,2,1,1,2,0,1115,0
3207,,,4,4,8,4,4,8,0,1115,0.333333
3250,,,3,4,7,3,4,7,0,1115,0
3251,,,1,3,4,1,3,4,0,1115,0.166667
3252,,,3,2,5,3,2,5,0,1115,0
3253,,,1,1,2,1,1,2,0,1115,0
3254,,,3,3,6,3,3,6,0,1115,0
3255,,,2,2,4,2,2,4,0,1115,0
3258,,,2,1,3,2,1,3,0,1115,0.333333
3259,,,4,2,6,4,2,6,0,1115,0.166667
3260,,,32,1,33,32,1,33,0,42,0.063447
3261,,,1,2,3,1,2,3,0,1115,0.5
3262,,,2,2,4,2,2,4,0,1115,1
3263,,,1,1,2,1,1,2,0,1115,0
3264,,,2,2,4,2,2,4,0,1115,0
3265,,,2,2,4,2,2,4,0,1115,1
2465,,,1,0,1,1,0,1,0,416,0
3266,,,1,0,1,1,0,1,0,1030,0
3267,,,2,2,4,2,2,4,0,1115,0
3269,,,2,3,5,2,3,5,0,1115,0
3268,,,6,4,10,6,4,10,0,1115,0.357143
3270,,,8,3,11,8,3,11,0,1115,0.035714
3271,,,1,1,2,1,1,2,0,1115,0
3274,,,2,3,5,2,3,5,0,1115,0.333333
3275,,,2,2,4,2,2,4,0,1115,0
2958,,,8,9,17,8,9,17,0,1115,0.355556
3273,,,15,13,28,15,13,28,0,1115,0.166667
3276,,,2,2,4,2,2,4,0,1115,0.5
3042,,,1,1,2,1,1,2,0,1115,0
3277,,,2,2,4,2,2,4,0,1115,0
3279,,,1,1,2,1,1,2,0,1115,0
2913,,,2,2,4,2,2,4,0,1115,0
3135,,,1,1,2,1,1,2,0,1115,0
3072,,,1,2,3,1,2,3,0,1115,1
3280,,,1,1,2,1,1,2,0,1115,0
3281,,,1,1,2,1,1,2,0,1115,0
3282,,,0,1,1,0,1,1,0,1124,0
3283,,,3,2,5,3,2,5,0,1115,0.333333
3284,,,1,0,1,1,0,1,0,1029,0
3285,,,3,3,6,3,3,6,0,1115,0
3236,,,6,7,13,6,7,13,0,1115,0.261905
3286,,,1,1,2,1,1,2,0,1115,0
3287,,,3,3,6,3,3,6,0,1115,0.45
3289,,,1,1,2,1,1,2,0,1115,0
3290,,,1,1,2,1,1,2,0,1115,0
3291,,,1,0,1,1,0,1,0,621,0
3292,,,3,3,6,3,3,6,0,1115,0.833333
3294,,,1,0,1,1,0,1,0,471,0
3295,,,2,3,5,2,3,5,0,1115,0
3296,,,4,3,7,4,3,7,0,1115,0.166667
3293,,,3,0,3,3,0,3,0,127,0.666667
3297,,,2,2,4,2,2,4,0,1115,0
3298,,,2,2,4,2,2,4,0,1115,0
3299,,,2,1,3,2,1,3,0,1115,0
3301,,,1,1,2,1,1,2,0,1115,0
3091,,,1,1,2,1,1,2,0,1115,0
3303,,,1,1,2,1,1,2,0,1115,0
3304,,,2,2,4,2,2,4,0,1115,0
3305,,,1,0,1,1,0,1,0,1028,0
3306,,,1,1,2,1,1,2,0,1115,0
3307,,,1,0,1,1,0,1,0,911,0
3308,,,1,1,2,1,1,2,0,1115,0
3309,,,4,4,8,4,4,8,0,1115,0.3
3312,,,1,0,1,1,0,1,0,620,0
3313,,,2,2,4,2,2,4,0,1115,0
3310,,,1,2,3,1,2,3,0,1115,0.5
3314,,,8,6,14,8,6,14,0,1115,0.152778
3257,,,4,4,8,4,4,8,0,1115,0.083333
3315,,,2,2,4,2,2,4,0,1115,0.5
3316,,,10,10,20,10,10,20,0,1115,0.2
3317,,,10,9,19,10,9,19,0,1115,0.411111
3318,,,2,1,3,2,1,3,0,1115,1
3319,,,18,15,33,18,15,33,0,1115,0.252632
3320,,,2,2,4,2,2,4,0,1115,0
3321,,,5,5,10,5,5,10,0,1115,0.3
3322,,,1,1,2,1,1,2,0,1115,0
3323,,,3,3,6,3,3,6,0,1115,0.666667
3324,,,1,0,1,1,0,1,0,1027,0
3325,,,1,0,1,1,0,1,0,1026,0
3327,,,6,7,13,6,7,13,0,1115,0.5
3326,,,9,9,18,9,9,18,0,1115,0.188889
3329,,,2,2,4,2,2,4,0,1115,0
3331,,,1,1,2,1,1,2,0,1115,0
3332,,,1,1,2,1,1,2,0,1115,0
3333,,,7,2,9,7,2,9,0,1115,0.321429
3334,,,1,1,2,1,1,2,0,1115,0
3335,,,9,11,20,9,11,20,0,1115,0.227273
3336,,,2,2,4,2,2,4,0,1115,0.5
3337,,,2,2,4,2,2,4,0,1115,0
3338,,,1,2,3,1,2,3,0,1115,0.5
3340,,,1,1,2,1,1,2,0,1115,0
3341,,,8,1,9,8,1,9,0,1115,0.339286
3342,,,5,5,10,5,5,10,0,1115,0.7
3343,,,2,1,3,2,1,3,0,1115,0.5
3344,,,1,1,2,1,1,2,0,1115,0
3345,,,48,46,94,48,46,94,0,1115,0.142353
3346,,,3,2,5,3,2,5,0,1115,1
3347,,,3,4,7,3,4,7,0,1115,0.666667
3348,,,2,2,4,2,2,4,0,1115,0.5
3349,,,6,8,14,6,8,14,0,1115,0.107143
3351,,,1,1,2,1,1,2,0,1115,0
3352,,,2,3,5,2,3,5,0,1115,0.333333
3353,,,14,14,28,14,14,28,0,1115,0.1
3354,,,2,1,3,2,1,3,0,1115,0.5
3355,,,2,2,4,2,2,4,0,1115,1
3357,,,5,0,5,5,0,5,0,53,0.25
3358,,,1,1,2,1,1,2,0,1115,0
3359,,,2,3,5,2,3,5,0,1115,0
3360,,,1,1,2,1,1,2,0,1115,0
3361,,,2,4,6,2,4,6,0,1115,0
3362,,,1,0,1,1,0,1,0,1025,0
3363,,,3,2,5,3,2,5,0,1115,0
3364,,,1,0,1,1,0,1,0,1024,0
3365,,,1,1,2,1,1,2,0,1115,0
3366,,,48,43,91,48,43,91,0,1115,0.094689
3368,,,1,1,2,1,1,2,0,1115,0
3369,,,2,1,3,2,1,3,0,1115,0
3371,,,2,0,2,2,0,2,0,78,0
3372,,,1,0,1,1,0,1,0,77,0
3373,,,2,0,2,2,0,2,0,455,0.5
3374,,,13,14,27,13,14,27,0,1115,0.271429
3375,,,1,0,1,1,0,1,0,278,0
3377,,,6,8,14,6,8,14,0,1115,0.069444
3378,,,7,4,11,7,4,11,0,1115,0.452381
2966,,,2,4,6,2,4,6,0,1115,0.166667
3379,,,3,2,5,3,2,5,0,1115,0
3380,,,6,5,11,6,5,11,0,1115,0.333333
3382,,,2,1,3,2,1,3,0,1115,0
3370,,,2,2,4,2,2,4,0,1115,1
3383,,,1,2,3,1,2,3,0,1115,0.666667
3381,,,3,8,11,3,8,11,0,1115,0.142857
3384,,,2,0,2,2,0,2,0,585,0
3328,,,3,2,5,3,2,5,0,1115,0
3376,,,2,0,2,2,0,2,0,452,0.5
3386,,,0,1,1,0,1,1,0,1125,0
3387,,,1,1,2,1,1,2,0,1115,0
3388,,,3,3,6,3,3,6,0,1115,0
3390,,,1,1,2,1,1,2,0,1115,0
3391,,,6,5,11,6,5,11,0,1115,0.3
3393,,,1,0,1,1,0,1,0,1023,0
3394,,,5,6,11,5,6,11,0,1115,0.404762
3395,,,1,1,2,1,1,2,0,1115,0
3288,,,1,0,1,1,0,1,0,884,0
3396,,,2,2,4,2,2,4,0,1115,0
3397,,,9,9,18,9,9,18,0,1115,0.125
3367,,,5,3,8,5,3,8,0,1115,0.3
3398,,,1,0,1,1,0,1,0,424,0
3385,,,4,4,8,4,4,8,0,1115,0.166667
3399,,,2,0,2,2,0,2,0,595,0
3400,,,1,1,2,1,1,2,0,1115,0
3401,,,1,1,2,1,1,2,0,1115,0
3403,,,1,0,1,1,0,1,0,239,0
3404,,,11,10,21,11,10,21,0,1115,0.072727
3405,,,5,5,10,5,5,10,0,1115,0.2
3406,,,1,2,3,1,2,3,0,1115,0.5
3407,,,1,1,2,1,1,2,0,1115,0
3408,,,8,9,17,8,9,17,0,1115,0.133333
3409,,,1,0,1,1,0,1,0,555,0
3410,,,3,1,4,3,1,4,0,1115,0
3411,,,1,1,2,1,1,2,0,1115,0
3412,,,3,3,6,3,3,6,0,1115,0.166667
3414,,,4,3,7,4,3,7,0,1115,0.15
3413,,,5,8,13,5,8,13,0,1115,0.196429
2902,,,1,1,2,1,1,2,0,1115,0
3416,,,1,0,1,1,0,1,0,600,0
3417,,,4,5,9,4,5,9,0,1115,0.05
3418,,,1,1,2,1,1,2,0,1115,0
3419,,,1,1,2,1,1,2,0,1115,0
3420,,,1,1,2,1,1,2,0,1115,0
3421,,,2,2,4,2,2,4,0,1115,0
3422,,,6,5,11,6,5,11,0,1115,0.033333
3423,,,1,1,2,1,1,2,0,1115,0
3424,,,1,0,1,1,0,1,0,1022,0
3426,,,1,0,1,1,0,1,0,1021,0
3428,,,2,0,2,2,0,2,0,397,0
3430,,,1,1,2,1,1,2,0,1115,0
3431,,,1,0,1,1,0,1,0,454,0
3432,,,1,0,1,1,0,1,0,453,0
3434,,,1,1,2,1,1,2,0,1115,0
3435,,,3,3,6,3,3,6,0,1115,0.166667
3436,,,6,0,6,6,0,6,0,414,0.266667
3437,,,1,0,1,1,0,1,0,401,0
3438,,,2,2,4,2,2,4,0,1115,1
3170,,,1,0,1,1,0,1,0,1020,0
3439,,,1,2,3,1,2,3,0,1115,0.5
2652,,,2,2,4,2,2,4,0,1115,0.5
3440,,,1,1,2,1,1,2,0,1115,0
3433,,,3,2,5,3,2,5,0,1115,0.333333
3442,,,2,1,3,2,1,3,0,1115,0
3441,,,3,3,6,3,3,6,0,1115,0.666667
3443,,,1,1,2,1,1,2,0,1115,0
3444,,,5,2,7,5,2,7,0,1115,0.3
3445,,,25,29,54,25,29,54,0,1115,0.035714
3446,,,1,0,1,1,0,1,0,1019,0
3447,,,1,0,1,1,0,1,0,1018,0
3448,,,3,2,5,3,2,5,0,1115,0.333333
3449,,,4,3,7,4,3,7,0,1115,0.583333
3392,,,3,3,6,3,3,6,0,1115,0.5
3450,,,3,4,7,3,4,7,0,1115,0.166667
3311,,,2,2,4,2,2,4,0,1115,1
3451,,,100,106,206,100,106,206,0,1115,0.086149
3452,,,39,63,102,39,63,102,0,1115,0.121664
3453,,,5,5,10,5,5,10,0,1115,0.7
3455,,,3,3,6,3,3,6,0,1115,1
3456,,,2,3,5,2,3,5,0,1115,0.666667
3457,,,1,0,1,1,0,1,0,1017,0
3458,,,2,2,4,2,2,4,0,1115,0
3459,,,4,3,7,4,3,7,0,1115,0.083333
3460,,,1,1,2,1,1,2,0,1115,0
3462,,,4,6,10,4,6,10,0,1115,0.166667
3463,,,6,4,10,6,4,10,0,1115,0.266667
3465,,,37,47,84,37,47,84,0,1115,0.166241
3467,,,1,1,2,1,1,2,0,1115,0
3468,,,1,1,2,1,1,2,0,1115,0
3469,,,1,1,2,1,1,2,0,1115,0
3470,,,14,12,26,14,12,26,0,1115,0.191176
3464,,,2,2,4,2,2,4,0,1115,0.5
3471,,,1,1,2,1,1,2,0,1115,0
3473,,,3,0,3,3,0,3,0,415,0.333333
3474,,,2,2,4,2,2,4,0,1115,1
3472,,,2,1,3,2,1,3,0,1115,0
3475,,,4,3,7,4,3,7,0,1115,0.166667
3476,,,8,8,16,8,8,16,0,1115,0.357143
3247,,,1,1,2,1,1,2,0,1115,0
3477,,,1,2,3,1,2,3,0,1115,0
3478,,,2,2,4,2,2,4,0,1115,0
3480,,,1,0,1,1,0,1,0,1016,0
3481,,,4,5,9,4,5,9,0,1115,0
3482,,,1,1,2,1,1,2,0,1115,0
3483,,,2,1,3,2,1,3,0,1110,0
3484,,,1,1,2,1,1,2,0,1110,0
3485,,,1,0,1,1,0,1,0,883,0
3300,,,2,3,5,2,3,5,0,1115,0
3143,,,2,1,3,2,1,3,0,1115,1
3486,,,1,2,3,1,2,3,0,1115,0
3487,,,11,10,21,11,10,21,0,1115,0.257576
3489,,,4,5,9,4,5,9,0,1115,0.266667
3490,,,7,7,14,7,7,14,0,1115,0.017857
3491,,,1,0,1,1,0,1,0,572,0
3492,,,1,3,4,1,3,4,0,1115,0
3493,,,1,3,4,1,3,4,0,1115,0
3494,,,2,2,4,2,2,4,0,1115,0
3495,,,1,1,2,1,1,2,0,1115,0
3454,,,1,2,3,1,2,3,0,1115,1
3497,,,1,1,2,1,1,2,0,1115,0
3498,,,3,9,12,3,9,12,0,1115,0.166667
3499,,,1,1,2,1,1,2,0,1115,0
3500,,,7,7,14,7,7,14,0,1115,0.047619
3501,,,2,3,5,2,3,5,0,1115,1
3502,,,1,0,1,1,0,1,0,890,0
3503,,,2,2,4,2,2,4,0,1115,1
3466,,,4,5,9,4,5,9,0,1115,0.433333
3429,,,40,44,84,40,44,84,0,1115,0.168116
3504,,,7,9,16,7,9,16,0,1115,0.066667
3505,,,1,1,2,1,1,2,0,1115,0
3506,,,5,5,10,5,5,10,0,1115,0
3272,,,3,4,7,3,4,7,0,1115,0.5
3507,,,1,1,2,1,1,2,0,1115,0
3302,,,2,2,4,2,2,4,0,1115,0.5
3427,,,18,20,38,18,20,38,0,1115,0.190476
3508,,,1,2,3,1,2,3,0,1115,0
3509,,,3,3,6,3,3,6,0,1115,0.333333
3510,,,4,3,7,4,3,7,0,1115,0.166667
3511,,,4,4,8,4,4,8,0,1115,0.416667
3512,,,9,12,21,9,12,21,0,1115,0.096154
3514,,,1,2,3,1,2,3,0,1115,0
3515,,,3,4,7,3,4,7,0,1115,0.5
2050,,,3,4,7,3,4,7,0,1115,0.5
3517,,,2,0,2,2,0,2,0,356,0
3518,,,1,1,2,1,1,2,0,1115,0
3520,,,3,3,6,3,3,6,0,1115,0.333333
3521,,,2,3,5,2,3,5,0,1115,0.333333
3522,,,4,2,6,4,2,6,0,1115,0
3523,,,1,1,2,1,1,2,0,1115,0
3524,,,2,2,4,2,2,4,0,1115,0
3525,,,1,1,2,1,1,2,0,1115,0
3415,,,1,1,2,1,1,2,0,1115,0
3513,,,8,0,8,8,0,8,0,37,0.035714
3528,,,6,6,12,6,6,12,0,1115,0.1
3529,,,1,1,2,1,1,2,0,1115,0
3526,,,4,4,8,4,4,8,0,1115,0.333333
3532,,,1,0,1,1,0,1,0,1015,0
3533,,,6,6,12,6,6,12,0,1115,0.166667
3536,,,1,1,2,1,1,2,0,1115,0
3537,,,1,1,2,1,1,2,0,1115,0
3538,,,4,4,8,4,4,8,0,1115,0.666667
3527,,,27,37,64,27,37,64,0,1115,0.052564
3539,,,5,7,12,5,7,12,0,1115,0.107143
3540,,,2,3,5,2,3,5,0,1115,0
3542,,,1,1,2,1,1,2,0,1115,0
3543,,,5,5,10,5,5,10,0,1115,0.119048
3541,,,2,2,4,2,2,4,0,1115,0
3546,,,1,1,2,1,1,2,0,1115,0
3545,,,32,30,62,32,30,62,0,1115,0.132773
3547,,,10,9,19,10,9,19,0,1115,0.090909
3548,,,3,2,5,3,2,5,0,1115,0.333333
3549,,,8,10,18,8,10,18,0,1115,0.244444
3496,,,2,1,3,2,1,3,0,1115,1
3100,,,1,0,1,1,0,1,0,554,0
3550,,,1,1,2,1,1,2,0,1115,0
3551,,,2,1,3,2,1,3,0,1115,0.5
3553,,,2,1,3,2,1,3,0,450,0.333333
3552,,,16,0,16,16,0,16,0,437,0.066667
3554,,,2,1,3,2,1,3,0,451,0.333333
3555,,,2,0,2,2,0,2,0,446,0.5
3556,,,2,6,8,2,6,8,0,447,0.232143
3557,,,2,1,3,2,1,3,0,448,0.333333
3558,,,2,1,3,2,1,3,0,449,0.333333
3559,,,1,0,1,1,0,1,0,571,0
3560,,,2,0,2,2,0,2,0,463,0
3561,,,3,1,4,3,1,4,0,1115,0.333333
3562,,,4,1,5,4,1,5,0,444,0.35
3563,,,2,2,4,2,2,4,0,445,0.416667
3564,,,2,1,3,2,1,3,0,443,0.333333
3565,,,2,4,6,2,4,6,0,442,0.233333
3566,,,2,1,3,2,1,3,0,440,0.333333
3567,,,2,1,3,2,1,3,0,441,0.333333
3568,,,3,3,6,3,3,6,0,1115,1
3569,,,2,1,3,2,1,3,0,438,0.333333
3570,,,2,1,3,2,1,3,0,439,0.333333
3571,,,18,17,35,18,17,35,0,1115,0.052632
3516,,,1,0,1,1,0,1,0,570,0
3572,,,24,26,50,24,26,50,0,1115,0.222617
3126,,,1,1,2,1,1,2,0,1115,0
3573,,,3,3,6,3,3,6,0,1115,0.333333
3574,,,6,7,13,6,7,13,0,1115,0.047619
3575,,,1,1,2,1,1,2,0,1115,0
3576,,,0,1,1,0,1,1,0,1126,0
3577,,,2,2,4,2,2,4,0,1115,0
3578,,,46,48,94,46,48,94,0,1115,0.070136
3579,,,1,1,2,1,1,2,0,1115,0
3581,,,7,9,16,7,9,16,0,1115,0.041667
3583,,,6,6,12,6,6,12,0,1115,0
3584,,,1,2,3,1,2,3,0,1115,1
3585,,,3,2,5,3,2,5,0,1115,0.666667
3586,,,2,2,4,2,2,4,0,1115,0
2019,,,1,1,2,1,1,2,0,1115,0
3587,,,1,0,1,1,0,1,0,1014,0
3544,,,1,1,2,1,1,2,0,1115,0
3588,,,2,2,4,2,2,4,0,1115,0
3589,,,1,1,2,1,1,2,0,1115,0
3580,,,2,2,4,2,2,4,0,1115,0
3590,,,5,7,12,5,7,12,0,1115,0.119048
3591,,,2,2,4,2,2,4,0,1115,0.5
3593,,,7,10,17,7,10,17,0,1115,0.033333
3594,,,1,1,2,1,1,2,0,1115,0
3596,,,2,3,5,2,3,5,0,1115,0.333333
3597,,,2,3,5,2,3,5,0,1115,0.083333
3592,,,3,3,6,3,3,6,0,1115,0.333333
3599,,,1,1,2,1,1,2,0,1115,0
3600,,,13,11,24,13,11,24,0,1115,0.296703
3601,,,1,1,2,1,1,2,0,1115,0
3534,,,4,3,7,4,3,7,0,1115,0.666667
3602,,,1,1,2,1,1,2,0,1115,0
3603,,,2,4,6,2,4,6,0,1115,0.166667
3604,,,1,1,2,1,1,2,0,1115,0
3605,,,2,2,4,2,2,4,0,1115,0.5
3606,,,1,0,1,1,0,1,0,1013,0
3607,,,1,1,2,1,1,2,0,1115,0
3608,,,1,1,2,1,1,2,0,1115,0
3609,,,3,4,7,3,4,7,0,1115,0.083333
3610,,,4,3,7,4,3,7,0,1115,0.166667
3611,,,11,11,22,11,11,22,0,1115,0.234848
3612,,,1,1,2,1,1,2,0,1115,0
3613,,,1,1,2,1,1,2,0,1115,0
3614,,,1,0,1,1,0,1,0,1012,0
3615,,,3,2,5,3,2,5,0,1115,0.333333
3616,,,1,0,1,1,0,1,0,1011,0
3617,,,1,1,2,1,1,2,0,1115,0
3618,,,2,2,4,2,2,4,0,1115,0
3619,,,1,1,2,1,1,2,0,1115,0
3620,,,5,5,10,5,5,10,0,1115,0.35
3621,,,8,8,16,8,8,16,0,1115,0.178571
3622,,,1,1,2,1,1,2,0,1115,0
3624,,,6,8,14,6,8,14,0,1115,0.357143
3625,,,1,1,2,1,1,2,0,1115,0
3623,,,3,3,6,3,3,6,0,1115,0.333333
3626,,,3,2,5,3,2,5,0,1115,0.333333
3627,,,1,1,2,1,1,2,0,1115,0
3628,,,4,4,8,4,4,8,0,1115,0.416667
3631,,,1,1,2,1,1,2,0,1115,0
3632,,,3,1,4,3,1,4,0,1115,0.166667
3633,,,1,0,1,1,0,1,0,1010,0
3634,,,1,0,1,1,0,1,0,1009,0
3635,,,1,1,2,1,1,2,0,1115,0
3629,,,5,5,10,5,5,10,0,1115,0.1
3636,,,1,0,1,1,0,1,0,792,0
3637,,,1,0,1,1,0,1,0,768,0
3639,,,1,1,2,1,1,2,0,1115,0
3519,,,3,2,5,3,2,5,0,1115,0.333333
3642,,,36,34,70,36,34,70,0,1115,0.079487
3643,,,1,1,2,1,1,2,0,1115,0
3644,,,1,0,1,1,0,1,0,882,0
3645,,,2,2,4,2,2,4,0,1115,0
3582,,,2,3,5,2,3,5,0,1115,0.333333
3646,,,11,9,20,11,9,20,0,1115,0.281818
3647,,,1,1,2,1,1,2,0,1115,0
3641,,,12,16,28,12,16,28,0,1115,0.088235
3648,,,5,4,9,5,4,9,0,1115,0.15
3650,,,2,2,4,2,2,4,0,1115,1
3652,,,1,1,2,1,1,2,0,1115,0
3653,,,25,32,57,25,32,57,0,1115,0.060606
3654,,,1,1,2,1,1,2,0,1115,0
3655,,,11,10,21,11,10,21,0,1115,0.2
3657,,,1,1,2,1,1,2,0,1115,0
3658,,,1,1,2,1,1,2,0,1115,0
3659,,,1,2,3,1,2,3,0,1115,0.5
3531,,,16,15,31,16,15,31,0,1115,0.323529
3661,,,2,2,4,2,2,4,0,1115,0
3535,,,2,2,4,2,2,4,0,1115,1
3662,,,1,1,2,1,1,2,0,1115,0
3663,,,1,2,3,1,2,3,0,1115,0
3664,,,2,2,4,2,2,4,0,1115,1
3665,,,1,6,7,1,6,7,0,1127,0.2
3640,,,26,44,70,26,44,70,0,1115,0.11098
3666,,,10,10,20,10,10,20,0,1115,0.066667
3667,,,1,2,3,1,2,3,0,1115,0
3668,,,2,2,4,2,2,4,0,1115,1
3669,,,37,38,75,37,38,75,0,1115,0.024359
3671,,,1,1,2,1,1,2,0,1115,0.5
3672,,,1,1,2,1,1,2,0,1127,0
3673,,,1,1,2,1,1,2,0,1115,0
3674,,,1,1,2,1,1,2,0,1115,0
3675,,,1,1,2,1,1,2,0,1115,0
3676,,,1,1,2,1,1,2,0,1115,0
3670,,,1,2,3,1,2,3,0,1115,0
3189,,,4,4,8,4,4,8,0,1115,0.25
3677,,,2,2,4,2,2,4,0,1115,0
3678,,,1,1,2,1,1,2,0,1115,0
3679,,,2,2,4,2,2,4,0,1115,1
3680,,,1,1,2,1,1,2,0,1115,0
3681,,,2,2,4,2,2,4,0,1115,1
3682,,,5,5,10,5,5,10,0,1115,0.9
3630,,,23,22,45,23,22,45,0,1115,0.280632
3683,,,2,2,4,2,2,4,0,1115,0
3684,,,1,1,2,1,1,2,0,1115,0
3685,,,1,0,1,1,0,1,0,433,0
3686,,,1,1,2,1,1,2,0,1115,0
3687,,,1,1,2,1,1,2,0,1115,0
3688,,,1,1,2,1,1,2,0,1115,0
3690,,,1,0,1,1,0,1,0,1008,0
3691,,,1,0,1,1,0,1,0,1007,0
3692,,,1,0,1,1,0,1,0,1006,0
3693,,,1,0,1,1,0,1,0,1005,0
3694,,,2,1,3,2,1,3,0,1115,1
3695,,,3,3,6,3,3,6,0,1115,0
3696,,,3,3,6,3,3,6,0,1115,0.333333
3656,,,21,22,43,21,22,43,0,1115,0.086957
2907,,,1,1,2,1,1,2,0,1115,0
3697,,,5,8,13,5,8,13,0,1115,0.410714
3698,,,1,0,1,1,0,1,0,188,0
3700,,,1,1,2,1,1,2,0,1115,0
3595,,,1,1,2,1,1,2,0,1115,0
3701,,,1,1,2,1,1,2,0,1115,0
3702,,,1,1,2,1,1,2,0,1115,0
3074,,,1,1,2,1,1,2,0,1115,0
3699,,,48,49,97,48,49,97,0,1115,0.111373
3704,,,3,4,7,3,4,7,0,1115,0.166667
3705,,,1,1,2,1,1,2,0,1115,0
3706,,,1,1,2,1,1,2,0,1115,0
3707,,,38,50,88,38,50,88,0,1115,0.111864
3708,,,1,1,2,1,1,2,0,1115,0
3709,,,1,1,2,1,1,2,0,1115,0
3710,,,1,1,2,1,1,2,0,1115,0
3712,,,1,1,2,1,1,2,0,1115,0
3713,,,4,5,9,4,5,9,0,1115,0.25
3715,,,12,11,23,12,11,23,0,1115,0.296703
3716,,,1,1,2,1,1,2,0,1115,0
3717,,,1,1,2,1,1,2,0,1115,0
3718,,,1,3,4,1,3,4,0,1115,0
3719,,,61,69,130,61,69,130,0,1115,0.091772
3649,,,96,108,204,96,108,204,0,1115,0.081162
3720,,,2,1,3,2,1,3,0,1115,0
3689,,,3,4,7,3,4,7,0,1115,0.25
3721,,,1,1,2,1,1,2,0,1115,0
3722,,,46,89,135,46,89,135,0,1115,0.076794
3723,,,7,7,14,7,7,14,0,1115,0.122222
3724,,,11,9,20,11,9,20,0,1115,0.181818
3725,,,13,14,27,13,14,27,0,1115,0.180952
2431,,,5,5,10,5,5,10,0,1115,0.1
3726,,,1,0,1,1,0,1,0,72,0
3727,,,1,1,2,1,1,2,0,1115,0
3703,,,4,4,8,4,4,8,0,1115,0.3
3714,,,36,39,75,36,39,75,0,1115,0.25641
3728,,,1,0,1,1,0,1,0,881,0
3729,,,2,1,3,2,1,3,0,1115,0
3730,,,2,2,4,2,2,4,0,1115,0
3731,,,2,2,4,2,2,4,0,1115,0
3732,,,1,1,2,1,1,2,0,1115,0
3733,,,1,1,2,1,1,2,0,1115,0
3734,,,8,6,14,8,6,14,0,1115,0.055556
3735,,,129,133,262,129,133,262,0,1115,0.038997
3736,,,3,2,5,3,2,5,0,1115,0.166667
3737,,,1,1,2,1,1,2,0,1115,0
3389,,,13,11,24,13,11,24,0,1115,0.217949
3738,,,19,19,38,19,19,38,0,1115,0.145238
3739,,,1,2,3,1,2,3,0,1115,0
3740,,,2,2,4,2,2,4,0,1115,1
3741,,,1,0,1,1,0,1,0,1003,0
3742,,,1,1,2,1,1,2,0,1115,0
3744,,,81,32,113,81,32,113,0,1115,0.077879
3160,,,5,5,10,5,5,10,0,1115,0.25
3745,,,1,1,2,1,1,2,0,1115,0
3660,,,4,8,12,4,8,12,0,1115,0.125
3747,,,1,1,2,1,1,2,0,1115,0
3749,,,2,2,4,2,2,4,0,1115,0
3750,,,15,15,30,15,15,30,0,1115,0.104167
3751,,,1,1,2,1,1,2,0,1115,0
3752,,,1,1,2,1,1,2,0,1115,0
3753,,,1,0,1,1,0,1,0,1004,0
3754,,,1,0,1,1,0,1,0,1002,0
3755,,,1,1,2,1,1,2,0,1115,0
3756,,,21,22,43,21,22,43,0,1115,0.211765
3757,,,21,18,39,21,18,39,0,1115,0.221591
3758,,,2,1,3,2,1,3,0,1115,1
3759,,,16,21,37,16,21,37,0,1115,0.227823
3760,,,17,23,40,17,23,40,0,1115,0.226381
3761,,,2,0,2,2,0,2,0,328,0
3762,,,1,1,2,1,1,2,1,1128,0
3763,,,1,1,2,1,1,2,1,1128,0
3764,,,7,6,13,7,6,13,0,1115,0
3765,,,4,3,7,4,3,7,0,1115,0.333333
3767,,,13,12,25,13,12,25,0,1115,0.25
3766,,,3,5,8,3,5,8,0,1115,0.1
3768,,,2,3,5,2,3,5,0,1115,0.666667
3769,,,4,3,7,4,3,7,0,1115,0.416667
3770,,,1,1,2,1,1,2,0,1115,0
3771,,,1,1,2,1,1,2,0,1115,0
3773,,,1,0,1,1,0,1,0,1001,0
3774,,,1,1,2,1,1,2,0,1115,0
3775,,,1,1,2,1,1,2,0,1115,0
3776,,,10,4,14,10,4,14,0,1115,0.1
3777,,,1,1,2,1,1,2,0,1115,0
3778,,,1,1,2,1,1,2,0,1115,0
3779,,,1,1,2,1,1,2,0,1115,0
3781,,,27,27,54,27,27,54,0,1115,0.064815
3782,,,1,0,1,1,0,1,0,556,0
3783,,,3,5,8,3,5,8,0,1115,0.25
3784,,,2,2,4,2,2,4,0,1115,0
3786,,,6,28,34,6,28,34,0,1115,0.129032
3787,,,6,27,33,6,27,33,0,1115,0.121839
3788,,,6,25,31,6,25,31,0,1115,0.133333
3789,,,6,29,35,6,29,35,0,1115,0.13369
3790,,,6,28,34,6,28,34,0,1115,0.13369
3792,,,6,28,34,6,28,34,0,1115,0.13369
3793,,,5,28,33,5,28,33,0,1115,0.133523
3791,,,6,28,34,6,28,34,0,1115,0.13369
3794,,,5,28,33,5,28,33,0,1115,0.133523
3795,,,5,29,34,5,29,34,0,1115,0.152406
3785,,,1,3,4,1,3,4,0,1115,0.75
3796,,,3,3,6,3,3,6,0,1115,0
3798,,,3,4,7,3,4,7,0,1115,0
3799,,,1,2,3,1,2,3,0,1115,0
3800,,,5,6,11,5,6,11,0,1115,0.266667
3801,,,4,5,9,4,5,9,0,1115,0.25
3802,,,2,2,4,2,2,4,0,1115,1
3803,,,7,7,14,7,7,14,0,1115,0.238095
3804,,,36,42,78,36,42,78,0,1115,0.14672
3805,,,1,1,2,1,1,2,0,1115,0
3807,,,4,2,6,4,2,6,0,1115,0.083333
3780,,,1,1,2,1,1,2,0,1115,0
3808,,,3,3,6,3,3,6,0,1115,0.333333
3810,,,7,10,17,7,10,17,0,1115,0.355556
3811,,,1,0,1,1,0,1,0,1000,0
3797,,,11,5,16,11,5,16,0,1115,0.063636
3812,,,1,0,1,1,0,1,0,49,0
3813,,,5,6,11,5,6,11,0,1115,0.2
3814,,,2,2,4,2,2,4,0,1115,1
3815,,,21,19,40,21,19,40,0,1115,0.23913
3806,,,2,2,4,2,2,4,0,1115,0
3817,,,2,1,3,2,1,3,0,1115,0
3818,,,1,0,1,1,0,1,0,999,0
3819,,,1,1,2,1,1,2,0,1115,0
3822,,,1,1,2,1,1,2,0,1115,0
3823,,,2,3,5,2,3,5,0,1115,0
3825,,,2,2,4,2,2,4,0,1115,1
3826,,,2,8,10,2,8,10,0,1115,0
3828,,,99,105,204,99,105,204,0,1115,0.086149
3829,,,1,2,3,1,2,3,0,1115,0
3830,,,6,7,13,6,7,13,0,1115,0.095238
3832,,,2,3,5,2,3,5,0,1115,0.666667
3835,,,1,1,2,1,1,2,0,1115,0
3836,,,1,1,2,1,1,2,0,1115,0
3838,,,1,2,3,1,2,3,0,1115,0.5
3839,,,1,0,1,1,0,1,0,998,0
3840,,,1,1,2,1,1,2,0,1115,0
3841,,,5,3,8,5,3,8,0,1115,0.6
3842,,,1,1,2,1,1,2,0,1115,0
3820,,,52,51,103,52,51,103,0,1115,0.097834
3843,,,2,2,4,2,2,4,0,1115,1
3844,,,3,3,6,3,3,6,0,1115,0
3824,,,7,7,14,7,7,14,0,1115,0.166667
3845,,,3,3,6,3,3,6,0,1115,0.333333
3846,,,5,5,10,5,5,10,0,1115,0.1
3847,,,4,4,8,4,4,8,0,1115,0
3848,,,1,1,2,1,1,2,0,1115,0
3849,,,1,2,3,1,2,3,0,1115,1
3746,,,19,20,39,19,20,39,0,1115,0.041126
3850,,,4,5,9,4,5,9,0,1115,0.2
3851,,,6,5,11,6,5,11,0,1115,0.133333
3852,,,2,3,5,2,3,5,0,1115,0
3853,,,1,1,2,1,1,2,0,1115,0
3854,,,16,15,31,16,15,31,0,1115,0.208333
3816,,,2,2,4,2,2,4,0,1115,0.333333
3855,,,1,1,2,1,1,2,0,1115,0
3856,,,3,4,7,3,4,7,0,1115,0.25
3857,,,4,4,8,4,4,8,0,1115,0.083333
3858,,,1,1,2,1,1,2,0,1115,0
3859,,,1,0,1,1,0,1,0,524,0
3860,,,2,2,4,2,2,4,0,1115,0
3861,,,2,2,4,2,2,4,0,1115,1
3863,,,2,2,4,2,2,4,0,1115,0
3864,,,8,7,15,8,7,15,0,1115,0.109091
3865,,,2,2,4,2,2,4,0,1115,0.166667
3748,,,2,1,3,2,1,3,0,1115,0
3867,,,1,1,2,1,1,2,0,1115,0
3868,,,1,1,2,1,1,2,0,1115,0
3869,,,4,2,6,4,2,6,0,1115,0.083333
3834,,,1,1,2,1,1,2,0,1115,0
3870,,,1,0,1,1,0,1,0,462,0
3871,,,1,1,2,1,1,2,0,609,0.5
3872,,,5,0,5,5,0,5,0,509,0.45
2954,,,1,1,2,1,1,2,0,1115,0
3873,,,2,2,4,2,2,4,0,1115,0
3874,,,1,1,2,1,1,2,0,1115,0
3875,,,5,5,10,5,5,10,0,1115,0.7
3876,,,1,0,1,1,0,1,0,85,0
3877,,,1,0,1,1,0,1,0,529,0
3878,,,55,65,120,55,65,120,0,1115,0.087018
3879,,,3,3,6,3,3,6,0,1115,0
3880,,,29,26,55,29,26,55,0,1115,0.097701
3881,,,1,1,2,1,1,2,0,1115,0
3882,,,1,1,2,1,1,2,0,1115,0
3883,,,1,1,2,1,1,2,0,1115,0
3885,,,3,3,6,3,3,6,0,1115,0.083333
3886,,,1,1,2,1,1,2,0,1115,0
3887,,,7,8,15,7,8,15,0,1115,0.196429
3888,,,1,2,3,1,2,3,0,1115,0
3889,,,1,0,1,1,0,1,0,497,0
3890,,,1,1,2,1,1,2,0,1115,0
3168,,,10,10,20,10,10,20,0,1115,0.244444
3891,,,1,1,2,1,1,2,0,1115,0
3892,,,24,24,48,24,24,48,0,1115,0.095
3893,,,5,4,9,5,4,9,0,1115,0
3895,,,1,0,1,1,0,1,0,910,0
3896,,,1,1,2,1,1,2,0,1115,0
3897,,,128,104,232,128,104,232,0,1115,0.077778
3898,,,4,6,10,4,6,10,0,1115,0.066667
3821,,,3,3,6,3,3,6,0,1115,0
3899,,,1,1,2,1,1,2,0,1115,0
3900,,,1,1,2,1,1,2,0,1115,0
3901,,,7,5,12,7,5,12,0,1115,0.25
3902,,,2,2,4,2,2,4,0,1115,1
3903,,,32,36,68,32,36,68,0,1115,0.168293
3904,,,26,28,54,26,28,54,0,1115,0.133005
3905,,,1,1,2,1,1,2,0,1115,0
3906,,,1,0,1,1,0,1,0,997,0
3907,,,1,1,2,1,1,2,0,1115,0
3908,,,1,0,1,1,0,1,0,996,0
3910,,,9,9,18,9,9,18,0,1115,0.25
3911,,,1,1,2,1,1,2,2,1129,0
3912,,,1,1,2,1,1,2,2,1129,0
3913,,,1,1,2,1,1,2,0,1115,0
3894,,,1,1,2,1,1,2,0,1115,0
3914,,,1,2,3,1,2,3,0,1115,0.333333
3916,,,71,74,145,71,74,145,0,1115,0.06
3917,,,2,2,4,2,2,4,0,1115,0
3918,,,1,4,5,1,4,5,0,1130,0.083333
3919,,,10,28,38,10,28,38,0,1115,0.121921
3920,,,1,1,2,1,1,2,0,1115,0
3922,,,3,3,6,3,3,6,0,1115,0.166667
3923,,,9,8,17,9,8,17,0,1115,0.133333
3924,,,3,3,6,3,3,6,0,1115,0.333333
3925,,,2,3,5,2,3,5,0,1115,0.166667
3927,,,2,2,4,2,2,4,0,1115,0
3928,,,8,10,18,8,10,18,0,1115,0.090909
3929,,,1,1,2,1,1,2,0,1115,0
3134,,,1,0,1,1,0,1,0,354,0
3931,,,1,0,1,1,0,1,0,353,0
3932,,,1,0,1,1,0,1,0,352,0
3256,,,1,0,1,1,0,1,0,351,0
3938,,,1,0,1,1,0,1,0,350,0
3940,,,1,0,1,1,0,1,0,349,0
3944,,,1,0,1,1,0,1,0,348,0
3945,,,1,0,1,1,0,1,0,347,0
3950,,,1,0,1,1,0,1,0,346,0
3951,,,1,0,1,1,0,1,0,345,0
3953,,,1,0,1,1,0,1,0,344,0
3955,,,1,0,1,1,0,1,0,343,0
3958,,,1,0,1,1,0,1,0,342,0
3959,,,1,0,1,1,0,1,0,341,0
3966,,,5,4,9,5,4,9,0,1115,0
3967,,,1,0,1,1,0,1,0,340,0
3968,,,1,1,2,1,1,2,0,1115,0
3970,,,1,0,1,1,0,1,0,339,0
3862,,,2,2,4,2,2,4,0,1115,0
3972,,,6,6,12,6,6,12,0,1115,0.133333
3866,,,2,0,2,2,0,2,0,488,0
3973,,,1,1,2,1,1,2,0,1115,0
3974,,,2,2,4,2,2,4,0,1115,1
3884,,,4,5,9,4,5,9,0,1115,0.1
3975,,,1,0,1,1,0,1,0,166,0
3976,,,26,27,53,26,27,53,0,1115,0.05665
3977,,,1,1,2,1,1,2,0,1115,0
3978,,,1,1,2,1,1,2,0,1115,0
3979,,,1,0,1,1,0,1,0,995,0
3980,,,9,10,19,9,10,19,0,1115,0.145455
3981,,,9,10,19,9,10,19,0,1115,0.344444
3982,,,10,10,20,10,10,20,0,1115,0.133333
3983,,,1,1,2,1,1,2,0,1115,0
3984,,,1,1,2,1,1,2,0,1115,0
3985,,,1,1,2,1,1,2,0,1115,0
3986,,,11,7,18,11,7,18,0,1115,0.109091
3987,,,1,1,2,1,1,2,0,1115,0
3989,,,6,4,10,6,4,10,0,1115,0.066667
3990,,,4,5,9,4,5,9,0,1115,0.25
3991,,,2,1,3,2,1,3,0,1115,0
3952,,,2,0,2,2,0,2,0,333,0.5
3993,,,1,1,2,1,1,2,0,1115,0
3995,,,3,2,5,3,2,5,0,1115,0.166667
3996,,,2,1,3,2,1,3,0,1115,1
3997,,,1,0,1,1,0,1,0,917,0
3998,,,1,1,2,1,1,2,0,1115,0
3999,,,2,2,4,2,2,4,0,1115,0.5
4000,,,2,2,4,2,2,4,0,1115,0
4001,,,2,2,4,2,2,4,0,1115,0
4002,,,5,6,11,5,6,11,0,1115,0.166667
3479,,,3,2,5,3,2,5,0,1115,0.166667
4003,,,2,2,4,2,2,4,0,1115,0
4004,,,16,15,31,16,15,31,0,1115,0.096491
4005,,,3,3,6,3,3,6,0,1115,0.333333
4006,,,1,1,2,1,1,2,0,1115,0
4008,,,3,3,6,3,3,6,0,1115,0
4007,,,4,3,7,4,3,7,0,1115,0
4010,,,1,1,2,1,1,2,0,1115,0
4011,,,8,8,16,8,8,16,0,1115,0.232143
4012,,,1,0,1,1,0,1,0,573,0
3994,,,1,1,2,1,1,2,0,1115,0
4013,,,1,1,2,1,1,2,0,1115,0
4014,,,1,2,3,1,2,3,0,1130,0.5
4015,,,1,1,2,1,1,2,0,1115,0
4016,,,2,2,4,2,2,4,0,1115,0
4017,,,4,4,8,4,4,8,0,1115,0.166667
4018,,,1,1,2,1,1,2,0,1115,0
3988,,,115,190,305,115,190,305,0,1115,0.054836
4019,,,1,1,2,1,1,2,0,1115,0
3651,,,1,1,2,1,1,2,0,1115,0
4020,,,1,1,2,1,1,2,0,1115,0
4022,,,3,3,6,3,3,6,0,1115,0.333333
4023,,,1,0,1,1,0,1,0,513,0
4024,,,4,4,8,4,4,8,0,1115,0
4025,,,2,2,4,2,2,4,0,1115,0
4026,,,15,12,27,15,12,27,0,1115,0.079167
4027,,,5,4,9,5,4,9,0,1115,0.25
4028,,,1,1,2,1,1,2,0,1115,0
4029,,,1,1,2,1,1,2,0,1115,0
4033,,,1,2,3,1,2,3,0,1115,0
4034,,,1,1,2,1,1,2,0,1115,0
4032,,,4,4,8,4,4,8,0,1115,0.416667
4035,,,4,4,8,4,4,8,0,1115,0
4030,,,2,1,3,2,1,3,0,1115,0
4036,,,6,3,9,6,3,9,0,1115,0.1
4037,,,1,0,1,1,0,1,0,526,0
4038,,,31,32,63,31,32,63,0,1115,0.102521
4039,,,1,1,2,1,1,2,0,1115,0
4040,,,1,1,2,1,1,2,0,1115,0
3915,,,7,6,13,7,6,13,0,1115,0.047619
4031,,,9,8,17,9,8,17,0,1115,0.152778
4041,,,1,1,2,1,1,2,0,1115,0
4042,,,3,2,5,3,2,5,0,1115,0.166667
4043,,,1,1,2,1,1,2,0,1115,0
4044,,,2,2,4,2,2,4,0,1115,0
4045,,,1,1,2,1,1,2,0,1115,0
4046,,,1,0,1,1,0,1,0,916,0
4047,,,2,2,4,2,2,4,0,1115,1
4048,,,2,2,4,2,2,4,0,1115,1
4049,,,2,2,4,2,2,4,0,1115,0
4050,,,1,1,2,1,1,2,0,1115,0
4051,,,1,1,2,1,1,2,0,1115,0
4052,,,2,2,4,2,2,4,0,1115,1
4053,,,2,2,4,2,2,4,0,1115,1
4054,,,1,1,2,1,1,2,0,1115,0
4055,,,3,3,6,3,3,6,0,1115,0.333333
4056,,,1,0,1,1,0,1,0,784,0
4057,,,2,2,4,2,2,4,0,1115,1
4058,,,3,2,5,3,2,5,0,1115,0
4059,,,1,1,2,1,1,2,0,1115,0
4060,,,2,3,5,2,3,5,0,1115,0.166667
4061,,,1,1,2,1,1,2,0,1115,0
4062,,,1,1,2,1,1,2,0,1115,0
4063,,,1,0,1,1,0,1,0,994,0
4064,,,2,1,3,2,1,3,0,1115,1
4066,,,1,0,1,1,0,1,0,993,0
4065,,,1,2,3,1,2,3,0,1115,0
4067,,,2,1,3,2,1,3,0,1115,0.5
3936,,,1,0,1,1,0,1,0,338,0
3942,,,1,0,1,1,0,1,0,337,0
3943,,,1,0,1,1,0,1,0,336,0
4069,,,1,0,1,1,0,1,0,335,0
4070,,,1,0,1,1,0,1,0,334,0
3131,,,1,0,1,1,0,1,0,332,0
4071,,,1,0,1,1,0,1,0,331,0
4072,,,1,0,1,1,0,1,0,330,0
3130,,,1,0,1,1,0,1,0,329,0
4074,,,1,3,4,1,3,4,0,327,0.083333
4076,,,2,6,8,2,6,8,0,1115,0.095238
4077,,,1,1,2,1,1,2,0,1115,0
3831,,,2,2,4,2,2,4,0,1115,0.333333
4078,,,5,6,11,5,6,11,0,1115,0.452381
4079,,,1,1,2,1,1,2,0,1115,0
4080,,,2,1,3,2,1,3,0,1115,1
4081,,,1,0,1,1,0,1,0,432,0
4082,,,1,1,2,1,1,2,0,1115,0
4083,,,1,0,1,1,0,1,0,915,0
4084,,,18,12,30,18,12,30,0,1115,0.245098
3909,,,2,2,4,2,2,4,0,1115,0.333333
4085,,,1,1,2,1,1,2,0,1115,0
4086,,,2,4,6,2,4,6,0,1115,0
3827,,,2,0,2,2,0,2,0,358,0
4087,,,1,0,1,1,0,1,0,357,0
4075,,,12,9,21,12,9,21,0,1115,0.233333
4089,,,1,2,3,1,2,3,0,1115,0
4090,,,3,3,6,3,3,6,0,1115,0.333333
4091,,,1,1,2,1,1,2,0,1115,0
3101,,,2,2,4,2,2,4,0,1115,0
4092,,,2,2,4,2,2,4,0,1115,0.5
4093,,,1,1,2,1,1,2,0,1115,0
4094,,,1,0,1,1,0,1,0,431,0
4095,,,1,1,2,1,1,2,0,1115,0
4096,,,1,1,2,1,1,2,0,1115,0
3488,,,3,4,7,3,4,7,0,1115,0
4097,,,3,3,6,3,3,6,0,1115,0
4099,,,1,1,2,1,1,2,0,1115,0
4100,,,1,0,1,1,0,1,0,619,0
4101,,,2,2,4,2,2,4,0,1115,0
4102,,,1,1,2,1,1,2,0,1115,0
4104,,,1,0,1,1,0,1,0,326,0
3948,,,2,0,2,2,0,2,0,297,0.5
4105,,,4,0,4,4,0,4,0,140,0
3971,,,9,0,9,9,0,9,0,22,0.069444
4106,,,1,1,2,1,1,2,0,1115,0
4108,,,1,1,2,1,1,2,0,1115,0
4109,,,1,1,2,1,1,2,0,216,0
4110,,,2,2,4,2,2,4,0,1115,0
3096,,,1,1,2,1,1,2,0,1115,0
4111,,,1,1,2,1,1,2,0,1115,0
4112,,,1,1,2,1,1,2,0,1115,0
4113,,,4,5,9,4,5,9,0,1115,0.6
4114,,,16,18,34,16,18,34,0,1115,0.119883
4115,,,3,3,6,3,3,6,0,1115,0.166667
4116,,,1,2,3,1,2,3,0,1115,1
4117,,,1,1,2,1,1,2,0,1115,0
4118,,,7,9,16,7,9,16,0,1115,0.722222
4119,,,21,22,43,21,22,43,0,1115,0.16996
3935,,,7,29,36,7,29,36,0,1115,0.003226
4120,,,1,0,1,1,0,1,0,372,0
4121,,,1,1,2,1,1,2,0,1115,0
4122,,,9,8,17,9,8,17,0,1115,0.188889
4123,,,1,1,2,1,1,2,0,1115,0
4124,,,5,3,8,5,3,8,0,1115,0.55
4125,,,6,7,13,6,7,13,0,1115,0.404762
4126,,,2,2,4,2,2,4,0,1115,0
4127,,,1,1,2,1,1,2,0,1115,0
4128,,,2,3,5,2,3,5,0,1115,0
4129,,,1,0,1,1,0,1,0,512,0
4130,,,1,0,1,1,0,1,0,511,0
4131,,,9,7,16,9,7,16,0,1115,0.236111
4132,,,0,1,1,0,1,1,0,1131,0
4133,,,2,1,3,2,1,3,0,1115,1
4134,,,2,2,4,2,2,4,0,1115,0
4135,,,3,1,4,3,1,4,0,581,0.083333
4088,,,6,7,13,6,7,13,0,1115,0.190476
4136,,,14,12,26,14,12,26,0,1115,0.2875
4137,,,2,2,4,2,2,4,0,1115,0
4138,,,2,0,2,2,0,2,0,832,0
4140,,,2,2,4,2,2,4,0,1115,1
4139,,,4,5,9,4,5,9,0,1115,0.3
4142,,,1,1,2,1,1,2,0,1115,0
4143,,,1,0,1,1,0,1,0,514,0
4144,,,1,1,2,1,1,2,0,1115,0
4141,,,1,1,2,1,1,2,0,1115,0
4107,,,41,56,97,41,56,97,0,1115,0.053885
4145,,,2,2,4,2,2,4,0,1115,0.333333
4146,,,1,1,2,1,1,2,0,1115,0
4147,,,1,0,1,1,0,1,0,898,0
4148,,,1,1,2,1,1,2,0,1115,0
4149,,,2,2,4,2,2,4,0,1115,1
4150,,,1,1,2,1,1,2,0,1115,0
4151,,,2,0,2,2,0,2,0,108,1
4152,,,3,3,6,3,3,6,0,1115,0
4153,,,1,1,2,1,1,2,0,1115,0
4154,,,1,1,2,1,1,2,0,1115,0
4155,,,2,2,4,2,2,4,0,1115,0
4156,,,1,1,2,1,1,2,0,1115,0
4157,,,2,0,2,2,0,2,0,130,0
4158,,,2,4,6,2,4,6,0,1115,0.416667
4159,,,4,4,8,4,4,8,0,1115,0.166667
4160,,,1,0,1,1,0,1,0,803,0
4161,,,1,1,2,1,1,2,0,1115,0
4162,,,2,2,4,2,2,4,0,1115,0
3711,,,1,1,2,1,1,2,0,1115,1
4163,,,14,24,38,14,24,38,0,1115,0.054839
4164,,,1,4,5,1,4,5,0,1115,0
4165,,,1,1,2,1,1,2,0,1115,0
4168,,,1,1,2,1,1,2,0,1115,0
4169,,,5,7,12,5,7,12,0,1115,0.190476
4170,,,1,1,2,1,1,2,0,1115,0
4171,,,1,1,2,1,1,2,0,1115,0
4173,,,0,1,1,0,1,1,0,1132,0
4174,,,4,8,12,4,8,12,0,1115,0
4175,,,3,0,3,3,0,3,0,102,0
4177,,,1,1,2,1,1,2,0,1115,0
4178,,,1,2,3,1,2,3,0,1115,0
4179,,,12,0,12,12,0,12,0,48,0.015152
4180,,,1,0,1,1,0,1,0,887,0
4181,,,6,6,12,6,6,12,0,1115,0.066667
4182,,,1,0,1,1,0,1,0,580,0
4183,,,1,1,2,1,1,2,0,1115,0
4184,,,6,5,11,6,5,11,0,1115,0.6
4103,,,3,2,5,3,2,5,0,1115,0.666667
4185,,,2,2,4,2,2,4,0,1115,0
4186,,,1,1,2,1,1,2,0,1115,0
4187,,,1,1,2,1,1,2,0,1115,0
4188,,,5,3,8,5,3,8,0,1115,0.233333
4172,,,222,264,486,222,264,486,0,1115,0.031301
4098,,,8,6,14,8,6,14,0,1115,0.232143
4191,,,1,1,2,1,1,2,0,1115,0
4192,,,2,1,3,2,1,3,0,1115,0
4190,,,1,1,2,1,1,2,0,1115,0
4195,,,4,1,5,4,1,5,0,1115,0.083333
4196,,,3,3,6,3,3,6,0,1115,0
4198,,,13,12,25,13,12,25,0,1115,0.228571
4199,,,1,1,2,1,1,2,0,1115,0
4200,,,1,1,2,1,1,2,0,1115,0
4201,,,2,2,4,2,2,4,0,1115,1
4166,,,1,1,2,1,1,2,0,1115,0
4202,,,2,2,4,2,2,4,0,1115,0
4203,,,4,6,10,4,6,10,0,1115,0.133333
4204,,,7,17,24,7,17,24,0,1115,0.105263
4205,,,20,34,54,20,34,54,0,1115,0.08467
4206,,,5,5,10,5,5,10,0,1115,0
4208,,,1,1,2,1,1,2,0,1115,0
4197,,,203,202,405,203,202,405,0,1115,0.041089
4209,,,13,13,26,13,13,26,0,1115,0.185897
4210,,,4,4,8,4,4,8,0,1115,0.5
4211,,,7,0,7,7,0,7,0,135,0.190476
4212,,,2,1,3,2,1,3,0,1115,0
4213,,,4,3,7,4,3,7,0,1115,0.083333
4215,,,1,1,2,1,1,2,0,1115,0
4216,,,1,0,1,1,0,1,0,992,0
4217,,,20,20,40,20,20,40,0,1115,0.202381
4218,,,1,1,2,1,1,2,0,1115,0
4219,,,3,3,6,3,3,6,0,1115,0.333333
4220,,,1,1,2,1,1,2,0,1115,0
3926,,,20,17,37,20,17,37,0,1115,0.138095
4221,,,1,0,1,1,0,1,0,991,0
3921,,,1,0,1,1,0,1,0,1,0
4224,,,1,0,1,1,0,1,0,0,0
4226,,,1,1,2,1,1,2,0,1115,0
4227,,,3,3,6,3,3,6,0,1115,0.333333
4214,,,3,4,7,3,4,7,0,1115,0
4228,,,4,4,8,4,4,8,0,1115,0.833333
4229,,,2,2,4,2,2,4,0,1115,1
4230,,,2,2,4,2,2,4,0,1115,1
3743,,,6,0,6,6,0,6,0,151,0.166667
4231,,,6,9,15,6,9,15,0,1115,0.138889
4232,,,1,1,2,1,1,2,0,1115,0
4233,,,5,5,10,5,5,10,0,1115,0
4225,,,1,1,2,1,1,2,0,1115,0
4234,,,1,1,2,1,1,2,0,1115,0
4235,,,10,9,19,10,9,19,0,1115,0.189394
4167,,,2,2,4,2,2,4,0,1115,1
4236,,,17,17,34,17,17,34,0,1115,0.096491
4237,,,2,2,4,2,2,4,0,1115,1
4238,,,11,13,24,11,13,24,0,1115,0.153846
4239,,,1,1,2,1,1,2,0,1115,0
4240,,,1,1,2,1,1,2,0,1115,0
4241,,,1,0,1,1,0,1,0,504,0
4242,,,1,0,1,1,0,1,0,909,0
4243,,,1,1,2,1,1,2,0,1115,0
4244,,,10,13,23,10,13,23,0,1115,0.070513
4245,,,2,2,4,2,2,4,0,1115,0
4246,,,1,1,2,1,1,2,0,1115,0.5
4250,,,1,1,2,1,1,2,0,1115,0
4251,,,12,1,13,12,1,13,0,1115,0.083333
4253,,,11,9,20,11,9,20,0,1115,0.227273
4249,,,3,3,6,3,3,6,0,1115,0
4255,,,1,1,2,1,1,2,0,1115,0
4256,,,1,1,2,1,1,2,0,1115,0
4257,,,1,1,2,1,1,2,0,1115,0
4259,,,1,1,2,1,1,2,0,1115,0
4261,,,1,1,2,1,1,2,0,1115,0
4262,,,1,1,2,1,1,2,0,1115,0
4263,,,1,1,2,1,1,2,0,1115,0
4264,,,3,3,6,3,3,6,0,1115,0.333333
4265,,,3,3,6,3,3,6,0,1115,0.666667
4266,,,19,24,43,19,24,43,0,1115,0.063218
4267,,,8,9,17,8,9,17,0,1115,0.138889
4268,,,1,1,2,1,1,2,0,1115,0
4269,,,7,5,12,7,5,12,0,1115,0.380952
4176,,,2,3,5,2,3,5,0,1115,0.666667
4270,,,2,2,4,2,2,4,0,1115,1
4271,,,1,1,2,1,1,2,0,1115,0
4274,,,5,4,9,5,4,9,0,1115,0.4
4275,,,3,0,3,3,0,3,0,522,0.833333
4189,,,12,11,23,12,11,23,0,1115,0.492424
4258,,,4,4,8,4,4,8,0,1115,0.666667
4276,,,2,2,4,2,2,4,0,1115,0
4252,,,5,4,9,5,4,9,0,1115,0.2
4277,,,2,3,5,2,3,5,0,1115,0
4278,,,3,3,6,3,3,6,0,1115,0
4279,,,11,4,15,11,4,15,0,1115,0.189394
4280,,,3,3,6,3,3,6,0,1115,0.333333
4282,,,1,1,2,1,1,2,0,1115,0
4283,,,6,5,11,6,5,11,0,1115,0.2
4281,,,19,21,40,19,21,40,0,1115,0.138528
4284,,,19,17,36,19,17,36,0,1115,0.086842
4285,,,9,7,16,9,7,16,0,1115,0.166667
4286,,,1,0,1,1,0,1,0,847,0
4287,,,5,5,10,5,5,10,0,1115,0.25
4288,,,4,0,4,4,0,4,0,50,0
4289,,,2,0,2,2,0,2,0,320,0.5
4291,,,158,172,330,158,172,330,0,1115,0.076078
4292,,,1,1,2,1,1,2,0,1115,0
4293,,,1,1,2,1,1,2,0,1115,0
4294,,,1,1,2,1,1,2,0,1115,0
4295,,,7,8,15,7,8,15,0,1115,0.214286
4296,,,2,2,4,2,2,4,0,1115,0.166667
4297,,,5,7,12,5,7,12,0,1115,0.053571
4298,,,1,0,1,1,0,1,0,879,0
4299,,,1,1,2,1,1,2,0,1115,0
4247,,,2,3,5,2,3,5,0,1115,0.5
4300,,,4,4,8,4,4,8,0,1115,0.25
4301,,,9,24,33,9,24,33,0,1115,0.041311
4302,,,3,4,7,3,4,7,0,1115,0
4303,,,1,1,2,1,1,2,0,1115,0
4304,,,29,35,64,29,35,64,0,1115,0.223724
4290,,,3,2,5,3,2,5,0,1115,0.083333
4305,,,1,1,2,1,1,2,0,1115,0
4306,,,1,1,2,1,1,2,0,1115,0
4307,,,1,1,2,1,1,2,0,1115,0
4309,,,1,0,1,1,0,1,0,618,0
4310,,,1,0,1,1,0,1,0,467,0
4311,,,1,0,1,1,0,1,0,466,0
4222,,,2,4,6,2,4,6,0,1115,0.25
4312,,,1,1,2,1,1,2,0,1115,0
4313,,,1,1,2,1,1,2,0,1115,0
4314,,,1,1,2,1,1,2,0,1115,0
4254,,,26,28,54,26,28,54,0,1115,0.130542
4315,,,31,38,69,31,38,69,0,1115,0.041963
4316,,,3,3,6,3,3,6,0,1115,0.333333
4317,,,2,1,3,2,1,3,0,1115,0.5
4318,,,1,1,2,1,1,2,0,1115,0
4319,,,1,1,2,1,1,2,0,1115,0
4320,,,31,32,63,31,32,63,0,1115,0.177419
4321,,,1,1,2,1,1,2,0,1115,0
4323,,,1,1,2,1,1,2,0,1115,0
4273,,,6,6,12,6,6,12,0,1115,0.933333
4324,,,1,0,1,1,0,1,0,888,0
4325,,,1,8,9,1,8,9,0,1115,0.071429
3330,,,0,19,19,0,19,19,0,1133,0.19883
4326,,,2,0,2,2,0,2,0,828,0
4327,,,1,1,2,1,1,2,0,1115,0
4328,,,3,3,6,3,3,6,0,1115,1
4329,,,1,1,2,1,1,2,0,1115,0
4330,,,6,3,9,6,3,9,0,1115,0.333333
4331,,,10,11,21,10,11,21,0,1115,0.147436
4333,,,1,1,2,1,1,2,0,1115,0
4334,,,12,11,23,12,11,23,0,1115,0.295455
4335,,,3,3,6,3,3,6,0,1115,0
4337,,,6,6,12,6,6,12,0,1115,0.2
4339,,,5,6,11,5,6,11,0,1115,0.133333
4342,,,1,1,2,1,1,2,0,1115,0
4207,,,1,1,2,1,1,2,0,1115,0
4343,,,1,1,2,1,1,2,0,1115,0
4344,,,1,1,2,1,1,2,0,1115,0
4345,,,1,1,2,1,1,2,0,1115,0
4346,,,1,1,2,1,1,2,0,1115,0
4347,,,1,1,2,1,1,2,0,1115,0
4348,,,1,2,3,1,2,3,0,1115,0.5
4349,,,1,0,1,1,0,1,0,990,0
4336,,,3,3,6,3,3,6,0,1115,0.666667
4350,,,14,4,18,14,4,18,0,1115,0.346154
4351,,,2,0,2,2,0,2,0,800,0
4352,,,1,0,1,1,0,1,0,71,0
4353,,,9,9,18,9,9,18,0,1115,0.027778
4354,,,3,4,7,3,4,7,0,1115,0.25
4355,,,2,1,3,2,1,3,0,1115,0
4356,,,3,0,3,3,0,3,0,62,0.5
4360,,,16,17,33,16,17,33,0,1115,0.253676
4361,,,10,11,21,10,11,21,0,1115,0.245455
4362,,,2,1,3,2,1,3,0,1115,0
4364,,,2,0,2,2,0,2,0,612,0
4365,,,42,42,84,42,42,84,0,1115,0.174396
4366,,,3,3,6,3,3,6,0,1115,0
4363,,,24,25,49,24,25,49,0,1115,0.12
4367,,,1,1,2,1,1,2,0,1115,0
4368,,,1,1,2,1,1,2,0,1115,0
4369,,,1,1,2,1,1,2,0,1115,0
4371,,,1,1,2,1,1,2,0,1115,0
4372,,,1,0,1,1,0,1,0,611,0
4370,,,13,7,20,13,7,20,0,1115,0.351648
4373,,,1,0,1,1,0,1,0,989,0
4248,,,1,1,2,1,1,2,0,1115,0
4374,,,1,1,2,1,1,2,0,1115,0
4375,,,4,4,8,4,4,8,0,1115,0.4
4376,,,1,1,2,1,1,2,0,1115,0
4377,,,1,1,2,1,1,2,0,1115,0
4378,,,1,1,2,1,1,2,0,1115,0
4379,,,11,10,21,11,10,21,0,1115,0.290909
4381,,,5,5,10,5,5,10,0,1115,0.1
4382,,,13,12,25,13,12,25,0,1115,0.269231
4359,,,2,0,2,2,0,2,0,304,0
4383,,,2,0,2,2,0,2,0,617,0.5
4384,,,3,3,6,3,3,6,0,1115,0
4385,,,17,52,69,17,52,69,0,1115,0.086153
4386,,,1,1,2,1,1,2,0,1115,0
4387,,,1,1,2,1,1,2,0,1115,0
4388,,,2,2,4,2,2,4,0,1115,0
4389,,,5,6,11,5,6,11,0,1115,0.133333
4390,,,1,1,2,1,1,2,0,1115,0
4391,,,2,1,3,2,1,3,0,1115,1
4380,,,2,2,4,2,2,4,0,1115,0
4392,,,4,5,9,4,5,9,0,1115,0.1
4393,,,3,1,4,3,1,4,0,1115,0.333333
4394,,,2,2,4,2,2,4,0,1115,1
4395,,,2,1,3,2,1,3,0,594,0
4396,,,1,1,2,1,1,2,0,594,0
4397,,,3,3,6,3,3,6,0,1115,0
4398,,,6,8,14,6,8,14,0,1115,0.089286
4399,,,2,0,2,2,0,2,0,369,0
4401,,,2,2,4,2,2,4,0,1115,1
4403,,,1,1,2,1,1,2,0,1115,0
4404,,,2,0,2,2,0,2,0,492,0
4405,,,3,3,6,3,3,6,0,1115,0.166667
4406,,,8,7,15,8,7,15,0,1115,0.196429
4402,,,42,44,86,42,44,86,0,1115,0.054589
4408,,,0,1,1,0,1,1,0,1134,0
4410,,,1,0,1,1,0,1,0,563,0
4407,,,2,2,4,2,2,4,0,1115,1
4411,,,8,8,16,8,8,16,0,1115,0.180556
4412,,,2,2,4,2,2,4,0,1115,0
4413,,,2,3,5,2,3,5,0,1115,0
4414,,,1,1,2,1,1,2,0,1115,0
4415,,,2,3,5,2,3,5,0,1115,0.166667
4322,,,4,3,7,4,3,7,0,1115,0.5
4416,,,3,4,7,3,4,7,0,1115,0.25
4417,,,3,2,5,3,2,5,0,1115,0
4418,,,2,2,4,2,2,4,0,1115,1
4419,,,12,12,24,12,12,24,0,1115,0.30303
4420,,,3,2,5,3,2,5,0,1115,0
4421,,,5,6,11,5,6,11,0,1115,0.133333
4422,,,1,1,2,1,1,2,0,1115,0
4423,,,4,4,8,4,4,8,0,1115,0.083333
4424,,,12,11,23,12,11,23,0,1115,0.204545
4425,,,1,1,2,1,1,2,0,1115,0
4409,,,8,8,16,8,8,16,0,1115,0.303571
4426,,,1,1,2,1,1,2,0,1115,0
4427,,,6,2,8,6,2,8,0,1115,0.233333
4428,,,1,1,2,1,1,2,0,1115,0
4429,,,1,0,1,1,0,1,0,129,0
4431,,,5,5,10,5,5,10,0,1115,0.45
4432,,,3,2,5,3,2,5,0,1115,0
4433,,,1,1,2,1,1,2,0,1115,0
4435,,,1,1,2,1,1,2,0,1115,0
4436,,,1,1,2,1,1,2,0,1115,0
4437,,,1,2,3,1,2,3,0,1115,0
4438,,,1,0,1,1,0,1,0,863,0
4439,,,4,2,6,4,2,6,0,1115,0.666667
3837,,,51,45,96,51,45,96,0,1115,0.110065
4400,,,27,26,53,27,26,53,0,1115,0.094017
4440,,,3,3,6,3,3,6,0,1115,0
4441,,,1,1,2,1,1,2,0,1115,0
4442,,,1,1,2,1,1,2,0,1115,0
4443,,,3,2,5,3,2,5,0,1115,0.333333
4444,,,2,3,5,2,3,5,0,1115,0.166667
4445,,,0,1,1,0,1,1,0,1135,0
4446,,,1,0,1,1,0,1,0,988,0
4430,,,3,3,6,3,3,6,0,1115,0.333333
4447,,,1,1,2,1,1,2,0,1115,0
4448,,,1,1,2,1,1,2,0,1115,0
4434,,,13,13,26,13,13,26,0,1115,0.274725
4449,,,3,3,6,3,3,6,0,1115,0.833333
4450,,,6,4,10,6,4,10,0,1115,0.1
4451,,,1,1,2,1,1,2,0,1115,0
4452,,,8,10,18,8,10,18,0,1115,0.177778
4453,,,1,1,2,1,1,2,0,1115,0
4454,,,1,2,3,1,2,3,0,1115,0
4455,,,2,2,4,2,2,4,0,1115,0
4456,,,1,1,2,1,1,2,0,1115,0
4457,,,3,3,6,3,3,6,0,1115,0.666667
4460,,,2,3,5,2,3,5,0,1115,1
4308,,,8,5,13,8,5,13,0,1115,0.285714
4462,,,4,4,8,4,4,8,0,1115,0.5
4463,,,2,1,3,2,1,3,0,1115,0
4459,,,18,20,38,18,20,38,0,1115,0.228947
4464,,,1,0,1,1,0,1,0,371,0
4465,,,1,0,1,1,0,1,0,370,0
4466,,,3,0,3,3,0,3,0,91,0
4468,,,1,0,1,1,0,1,0,368,0
4469,,,1,0,1,1,0,1,0,367,0
4470,,,1,0,1,1,0,1,0,366,0
4471,,,1,0,1,1,0,1,0,365,0
4472,,,1,0,1,1,0,1,0,364,0
4473,,,1,0,1,1,0,1,0,363,0
4474,,,3,0,3,3,0,3,0,93,0
4475,,,1,0,1,1,0,1,0,362,0
4476,,,1,0,1,1,0,1,0,361,0
4477,,,2,0,2,2,0,2,0,360,0
4478,,,5,4,9,5,4,9,0,1115,0.15
4479,,,2,1,3,2,1,3,0,1115,0
4481,,,1,1,2,1,1,2,0,1115,0
4480,,,2,2,4,2,2,4,0,1115,1
4482,,,8,8,16,8,8,16,0,1115,0.214286
4467,,,3,4,7,3,4,7,0,1115,0.25
4483,,,2,2,4,2,2,4,0,1115,0
4484,,,1,1,2,1,1,2,0,1115,0
4485,,,1,1,2,1,1,2,0,1115,0
4486,,,2,2,4,2,2,4,0,1115,1
4487,,,6,6,12,6,6,12,0,1115,0.233333
4488,,,1,1,2,1,1,2,0,1115,0
4489,,,7,7,14,7,7,14,0,1115,0.190476
4490,,,10,11,21,10,11,21,0,1115,0.109091
4491,,,1,1,2,1,1,2,0,1115,0
4492,,,3,0,3,3,0,3,0,413,0.333333
4493,,,4,4,8,4,4,8,0,1115,0.166667
4494,,,1,1,2,1,1,2,0,1115,0
4497,,,1,1,2,1,1,2,0,1115,0
4495,,,3,3,6,3,3,6,0,1115,0
4496,,,1,1,2,1,1,2,0,1115,0
4498,,,1,0,1,1,0,1,0,987,0
4499,,,38,39,77,38,39,77,0,1115,0.184615
4501,,,2,1,3,2,1,3,0,1115,0
4502,,,2,1,3,2,1,3,0,1115,0
4503,,,1,1,2,1,1,2,0,1115,0
4504,,,4,0,4,4,0,4,0,307,0.25
4505,,,2,2,4,2,2,4,0,1115,0
4506,,,3,0,3,3,0,3,0,359,0
4507,,,2,0,2,2,0,2,0,38,0
4508,,,1,1,2,1,1,2,0,1115,0
4458,,,9,40,49,9,40,49,0,1115,0.139535
4509,,,1,0,1,1,0,1,0,615,0
4511,,,24,26,50,24,26,50,0,1115,0.030769
4512,,,1,1,2,1,1,2,0,1115,0
4513,,,1,1,2,1,1,2,0,1115,0
4514,,,3,3,6,3,3,6,0,1115,0.333333
4515,,,47,49,96,47,49,96,0,1115,0.202041
4517,,,1,0,1,1,0,1,0,419,0
4519,,,11,6,17,11,6,17,0,1115,0.227273
4520,,,1,1,2,1,1,2,0,1115,0
4523,,,4,4,8,4,4,8,0,1115,0.083333
4524,,,7,2,9,7,2,9,0,1115,0.47619
4525,,,2,8,10,2,8,10,0,1115,0.017857
4526,,,1,0,1,1,0,1,0,468,0
4527,,,2,2,4,2,2,4,0,1115,0
4528,,,2,2,4,2,2,4,0,1115,0
4521,,,9,9,18,9,9,18,0,1115,0.180556
4530,,,5,5,10,5,5,10,0,1115,0.1
4531,,,25,22,47,25,22,47,0,1115,0.196341
4532,,,33,64,97,33,64,97,0,1115,0.07296
4533,,,1,1,2,1,1,2,0,1115,0
4522,,,10,13,23,10,13,23,0,1115,0.071429
4534,,,3,1,4,3,1,4,0,1115,0.333333
4535,,,3,1,4,3,1,4,0,1115,0.5
4537,,,2,2,4,2,2,4,0,1115,0
4539,,,3,2,5,3,2,5,0,1115,0
4529,,,3,0,3,3,0,3,0,80,0
4540,,,4,0,4,4,0,4,0,107,0.333333
4541,,,2,0,2,2,0,2,0,510,0
4542,,,1,0,1,1,0,1,0,986,0
4543,,,8,8,16,8,8,16,0,1115,0.097222
4544,,,2,0,2,2,0,2,0,562,1
4545,,,2,0,2,2,0,2,0,561,0
4546,,,8,7,15,8,7,15,0,1115,0.022222
4547,,,1,1,2,1,1,2,0,1115,0
4548,,,1,2,3,1,2,3,0,1115,0
4549,,,2,2,4,2,2,4,0,1115,0
4550,,,1,0,1,1,0,1,0,240,0
4551,,,4,5,9,4,5,9,0,1115,0
4552,,,1,1,2,1,1,2,0,1115,0
4553,,,26,27,53,26,27,53,0,1115,0.226437
4555,,,2,1,3,2,1,3,0,1115,0
4556,,,4,0,4,4,0,4,0,52,0.333333
4557,,,2,2,4,2,2,4,0,1115,1
4560,,,1,0,1,1,0,1,0,74,0
4563,,,4,2,6,4,2,6,0,1115,0.5
4564,,,1,1,2,1,1,2,0,1115,0
4559,,,82,107,189,82,107,189,0,1115,0.043726
4565,,,4,5,9,4,5,9,0,1115,0
4538,,,3,3,6,3,3,6,0,1115,0.5
4567,,,1,0,1,1,0,1,0,405,0
4568,,,1,3,4,1,3,4,0,1115,0.833333
4518,,,13,14,27,13,14,27,0,1115,0.428571
4569,,,7,5,12,7,5,12,0,1115,0.095238
4570,,,15,18,33,15,18,33,0,1115,0.075163
4571,,,4,4,8,4,4,8,0,1115,0.166667
4572,,,1,1,2,1,1,2,0,1115,0
4554,,,33,37,70,33,37,70,0,1115,0.090327
4574,,,2,2,4,2,2,4,0,1115,0
4576,,,1,1,2,1,1,2,0,1115,0
4577,,,1,1,2,1,1,2,0,1115,0
4578,,,3,3,6,3,3,6,0,1115,0.666667
4579,,,4,5,9,4,5,9,0,1115,0.233333
4580,,,1,0,1,1,0,1,0,487,0
4581,,,1,1,2,1,1,2,0,1115,0
4536,,,1,2,3,1,2,3,0,1115,0
4582,,,2,3,5,2,3,5,0,1115,0
4583,,,2,2,4,2,2,4,0,1115,0
4584,,,7,10,17,7,10,17,0,1115,0.333333
4585,,,1,1,2,1,1,2,0,1115,0
4586,,,1,1,2,1,1,2,0,1115,0
4588,,,2,3,5,2,3,5,0,1115,0.333333
4589,,,1,1,2,1,1,2,0,1115,0
4590,,,0,7,7,0,7,7,0,1136,0.071429
4591,,,1,2,3,1,2,3,0,1115,0
4592,,,18,18,36,18,18,36,0,1115,0.202632
4587,,,3,4,7,3,4,7,0,1115,0.333333
4593,,,3,1,4,3,1,4,0,1115,0.166667
4594,,,7,7,14,7,7,14,0,1115,0.107143
4595,,,4,5,9,4,5,9,0,1115,0.133333
4596,,,3,3,6,3,3,6,0,1115,0.333333
4597,,,3,3,6,3,3,6,0,1115,0
4598,,,3,2,5,3,2,5,0,1115,0.333333
4599,,,8,8,16,8,8,16,0,1115,0.166667
4600,,,1,2,3,1,2,3,0,1115,0
4601,,,5,5,10,5,5,10,0,1115,0.2
4602,,,1,1,2,1,1,2,0,1115,0
4603,,,4,2,6,4,2,6,0,1115,0.166667
4566,,,3,2,5,3,2,5,0,1115,0.333333
4606,,,3,3,6,3,3,6,0,1115,0.333333
4607,,,1,1,2,1,1,2,0,1115,0
4608,,,7,10,17,7,10,17,0,1115,0.2
4609,,,4,4,8,4,4,8,0,1115,0.1
4604,,,12,11,23,12,11,23,0,1115,0.060606
4605,,,10,10,20,10,10,20,0,1115,0.311111
4612,,,1,1,2,1,1,2,0,1115,0
4613,,,2,1,3,2,1,3,0,1115,0.166667
4614,,,4,3,7,4,3,7,0,1115,0.333333
4616,,,4,5,9,4,5,9,0,1115,0.25
4617,,,1,1,2,1,1,2,0,1115,0
4558,,,2,2,4,2,2,4,0,1115,1
4619,,,1,1,2,1,1,2,0,1115,0
4620,,,1,1,2,1,1,2,0,1115,0
4621,,,2,1,3,2,1,3,0,1115,1
4618,,,6,5,11,6,5,11,0,1115,0.4
4622,,,6,5,11,6,5,11,0,1115,0.4
4623,,,1,1,2,1,1,2,0,1115,0
4611,,,72,70,142,72,70,142,0,1115,0.108179
4624,,,2,2,4,2,2,4,0,1115,1
4625,,,6,4,10,6,4,10,0,1115,0
4626,,,1,1,2,1,1,2,0,1115,0
4627,,,1,1,2,1,1,2,0,1115,0
4628,,,1,1,2,1,1,2,0,1115,0
4629,,,1,1,2,1,1,2,0,1115,0
4630,,,3,3,6,3,3,6,0,1115,0
4631,,,1,1,2,1,1,2,0,1115,0
4632,,,5,5,10,5,5,10,0,1115,0.5
4633,,,1,0,1,1,0,1,0,799,0
4634,,,1,0,1,1,0,1,0,908,0
4635,,,83,63,146,83,63,146,0,1115,0.054798
4636,,,2,0,2,2,0,2,0,802,0
4637,,,4,3,7,4,3,7,0,1115,0.2
4562,,,13,12,25,13,12,25,0,1115,0.198718
4639,,,1,1,2,1,1,2,0,1115,0
4640,,,1,1,2,1,1,2,0,1115,0
4641,,,3,3,6,3,3,6,0,1115,0.333333
4642,,,4,5,9,4,5,9,0,1115,0.4
4643,,,2,2,4,2,2,4,0,1115,0
4461,,,4,3,7,4,3,7,0,1115,0.333333
4644,,,1,2,3,1,2,3,0,1115,1
4645,,,13,12,25,13,12,25,0,1115,0.241758
4646,,,6,6,12,6,6,12,0,1115,0.238095
4647,,,2,1,3,2,1,3,0,1115,0
4638,,,6,4,10,6,4,10,0,1115,0.142857
4649,,,69,67,136,69,67,136,0,1115,0.122261
4650,,,5,7,12,5,7,12,0,1115,0.095238
4651,,,1,2,3,1,2,3,0,1115,0
4652,,,1,1,2,1,1,2,0,1115,0
4653,,,1,0,1,1,0,1,0,51,0
4654,,,25,21,46,25,21,46,0,1115,0.22404
4655,,,2,1,3,2,1,3,0,1115,0.5
4656,,,3,1,4,3,1,4,0,1115,0.166667
4657,,,1,1,2,1,1,2,0,1115,0
4658,,,1,1,2,1,1,2,0,1115,0
4659,,,7,9,16,7,9,16,0,1115,0.090909
4660,,,1,1,2,1,1,2,0,1115,0
4661,,,21,17,38,21,17,38,0,1115,0.237968
4662,,,4,3,7,4,3,7,0,1115,0.75
4663,,,4,3,7,4,3,7,0,1115,0.75
4664,,,4,3,7,4,3,7,0,1115,0.75
4665,,,2,2,4,2,2,4,0,1115,0
4666,,,21,14,35,21,14,35,0,1115,0.265121
4667,,,18,14,32,18,14,32,0,1115,0.337702
4668,,,16,17,33,16,17,33,0,1115,0.261089
4670,,,1,1,2,1,1,2,0,1115,0
4669,,,16,5,21,16,5,21,0,1115,0.121053
4671,,,1,0,1,1,0,1,0,985,0
4672,,,18,12,30,18,12,30,0,1115,0.172308
4673,,,24,8,32,24,8,32,0,1115,0.263441
4674,,,3,3,6,3,3,6,0,1115,0.333333
4675,,,22,9,31,22,9,31,0,1115,0.259852
4676,,,19,13,32,19,13,32,0,1115,0.25
4677,,,17,0,17,17,0,17,0,119,0.125
4678,,,20,14,34,20,14,34,0,1115,0.314039
4680,,,21,16,37,21,16,37,0,1115,0.310753
4679,,,21,16,37,21,16,37,0,1115,0.32069
4681,,,22,17,39,22,17,39,0,1115,0.292339
4682,,,20,17,37,20,17,37,0,1115,0.311494
4683,,,33,11,44,33,11,44,0,1115,0.317949
4684,,,20,3,23,20,3,23,0,1115,0.311688
4685,,,1,1,2,1,1,2,0,1115,0
4686,,,25,13,38,25,13,38,0,1115,0.294508
4687,,,6,2,8,6,2,8,0,1115,0.066667
4688,,,23,11,34,23,11,34,0,1115,0.252016
4690,,,1,1,2,1,1,2,0,1115,0
4691,,,1,1,2,1,1,2,0,1115,0
4692,,,1,1,2,1,1,2,0,1115,0
4693,,,8,8,16,8,8,16,0,1115,0.305556
4694,,,80,75,155,80,75,155,0,1115,0.060867
4695,,,1,1,2,1,1,2,0,1115,0
4696,,,1,1,2,1,1,2,0,1115,0
4697,,,3,3,6,3,3,6,0,1115,0.333333
4698,,,10,8,18,10,8,18,0,1115,0.2
4699,,,3,3,6,3,3,6,0,1115,0.666667
4700,,,1,1,2,1,1,2,0,1115,0
4701,,,17,4,21,17,4,21,0,1115,0.134211
4702,,,2,0,2,2,0,2,0,503,1
4703,,,2,2,4,2,2,4,0,1115,0
4704,,,1,0,1,1,0,1,0,280,0
4705,,,1,0,1,1,0,1,0,47,0
4706,,,2,0,2,2,0,2,0,60,0
4707,,,33,3,36,33,3,36,0,1115,0.310317
3425,,,2,1,3,2,1,3,0,1115,1
4708,,,8,8,16,8,8,16,0,1115,0.555556
4709,,,12,12,24,12,12,24,0,1115,0.295455
4728,,,1,2,3,1,2,3,0,1115,1
4729,,,7,8,15,7,8,15,0,1115,0.153846
4730,,,1,1,2,1,1,2,0,1115,0
4731,,,4,3,7,4,3,7,0,1115,0.166667
4732,,,10,8,18,10,8,18,0,1115,0.109091
4610,,,3,3,6,3,3,6,0,1115,0.666667
4689,,,1,1,2,1,1,2,0,1115,0
4516,,,3,3,6,3,3,6,0,1115,0.5
4733,,,29,4,33,29,4,33,0,1115,0.363441
4734,,,1,1,2,1,1,2,0,1115,0
4735,,,5,3,8,5,3,8,0,1115,0.15
4736,,,2,1,3,2,1,3,0,1115,0
4737,,,1,0,1,1,0,1,0,614,0
4738,,,1,0,1,1,0,1,0,613,0
4739,,,6,0,6,6,0,6,0,118,0.2
4741,,,3,1,4,3,1,4,0,766,0.666667
4742,,,3,1,4,3,1,4,0,766,0.666667
4743,,,16,3,19,16,3,19,0,1115,0.158088
4744,,,19,2,21,19,2,21,0,1115,0.105263
4573,,,4,5,9,4,5,9,0,1115,0
4746,,,11,6,17,11,6,17,0,1115,0.163636
4740,,,3,3,6,3,3,6,0,1115,0.666667
4745,,,4,5,9,4,5,9,0,1115,0.133333
4747,,,14,0,14,14,0,14,0,14,0.016484
4748,,,7,1,8,7,1,8,0,1115,0.107143
4749,,,1,1,2,1,1,2,0,1115,0
4750,,,1,1,2,1,1,2,0,1115,0
4751,,,4,4,8,4,4,8,0,1115,0.095238
4752,,,1,1,2,1,1,2,0,1115,0
4753,,,10,6,16,10,6,16,0,1115,0.222222
4754,,,1,1,2,1,1,2,0,1115,0
4755,,,2,2,4,2,2,4,0,1115,1
4756,,,5,4,9,5,4,9,0,1115,0.15
4757,,,1,1,2,1,1,2,0,1115,0
4758,,,1,3,4,1,3,4,0,1115,0.166667
4759,,,2,3,5,2,3,5,0,1115,0.333333
4760,,,1,2,3,1,2,3,0,1115,1
4761,,,3,3,6,3,3,6,0,1115,0
4762,,,7,6,13,7,6,13,0,1115,0.619048
4763,,,1,0,1,1,0,1,0,480,0
4764,,,1,4,5,1,4,5,0,1115,0.166667
4765,,,1,1,2,1,1,2,0,1115,0
4766,,,1,0,1,1,0,1,0,767,0
3957,,,5,2,7,5,2,7,0,1115,0
4768,,,1,1,2,1,1,2,0,1115,0
2413,,,1,0,1,1,0,1,0,984,0
4648,,,9,8,17,9,8,17,0,1115,0.333333
4769,,,1,1,2,1,1,2,0,1115,0
4770,,,2,2,4,2,2,4,0,1115,1
4771,,,6,4,10,6,4,10,0,1115,0.1
4772,,,1,1,2,1,1,2,0,1115,0
4767,,,2,1,3,2,1,3,0,1115,1
4773,,,3,3,6,3,3,6,0,1115,0
4774,,,3,4,7,3,4,7,0,1115,0.166667
4775,,,2,1,3,2,1,3,0,1115,0.5
4776,,,2,2,4,2,2,4,0,1115,0
3278,,,6,6,12,6,6,12,0,1115,0.266667
4778,,,2,2,4,2,2,4,0,1115,0
4779,,,9,43,52,9,43,52,0,1115,0.024841
4357,,,1,0,1,1,0,1,0,325,0
3969,,,1,0,1,1,0,1,0,324,0
4358,,,1,0,1,1,0,1,0,323,0
4710,,,1,0,1,1,0,1,0,322,0
4780,,,4,6,10,4,6,10,0,1115,0.261905
3965,,,1,0,1,1,0,1,0,321,0
3964,,,1,0,1,1,0,1,0,319,0
3963,,,1,0,1,1,0,1,0,318,0
3133,,,1,0,1,1,0,1,0,317,0
4338,,,2,0,2,2,0,2,0,165,0
3962,,,1,0,1,1,0,1,0,316,0
4711,,,1,0,1,1,0,1,0,315,0
4712,,,1,0,1,1,0,1,0,314,0
3961,,,1,0,1,1,0,1,0,313,0
4713,,,1,0,1,1,0,1,0,312,0
4714,,,2,1,3,2,1,3,0,310,0.5
4715,,,1,0,1,1,0,1,0,311,0
3960,,,2,1,3,2,1,3,0,310,0.5
4341,,,1,0,1,1,0,1,0,309,0
4716,,,1,0,1,1,0,1,0,308,0
3956,,,2,0,2,2,0,2,0,306,0
3954,,,1,0,1,1,0,1,0,305,0
4781,,,1,0,1,1,0,1,0,303,0
4340,,,1,0,1,1,0,1,0,302,0
4717,,,2,1,3,2,1,3,0,1115,0
4782,,,1,0,1,1,0,1,0,301,0
4718,,,1,0,1,1,0,1,0,300,0
4719,,,3,0,3,3,0,3,0,299,0.333333
3949,,,1,0,1,1,0,1,0,298,0
4783,,,1,0,1,1,0,1,0,296,0
3947,,,1,0,1,1,0,1,0,295,0
4784,,,1,0,1,1,0,1,0,294,0
3946,,,1,0,1,1,0,1,0,293,0
4720,,,1,0,1,1,0,1,0,292,0
4785,,,1,0,1,1,0,1,0,291,0
4073,,,1,0,1,1,0,1,0,290,0
4721,,,1,0,1,1,0,1,0,289,0
4786,,,1,0,1,1,0,1,0,288,0
4722,,,1,0,1,1,0,1,0,287,0
4723,,,3,2,5,3,2,5,0,1115,0.25
3941,,,1,0,1,1,0,1,0,286,0
4068,,,1,0,1,1,0,1,0,285,0
3939,,,1,0,1,1,0,1,0,284,0
3937,,,1,0,1,1,0,1,0,283,0
4724,,,2,1,3,2,1,3,0,1115,0
3934,,,1,0,1,1,0,1,0,282,0
3933,,,1,0,1,1,0,1,0,281,0
4725,,,1,0,1,1,0,1,0,114,0
4726,,,1,0,1,1,0,1,0,113,0
4727,,,1,0,1,1,0,1,0,112,0
3930,,,1,0,1,1,0,1,0,111,0
4787,,,19,21,40,19,21,40,0,1115,0.049784
4788,,,11,13,24,11,13,24,0,1115,0.217949
4789,,,2,1,3,2,1,3,0,1115,1
4790,,,2,1,3,2,1,3,0,1115,0
4791,,,7,8,15,7,8,15,0,1115,0.143939
4792,,,2,0,2,2,0,2,0,96,1
4793,,,1,1,2,1,1,2,0,1115,0
4777,,,2,1,3,2,1,3,0,1115,0.5
4794,,,1,1,2,1,1,2,0,1115,0
4795,,,8,8,16,8,8,16,0,1115,0.053571
4796,,,2,1,3,2,1,3,0,1115,1
4797,,,1,1,2,1,1,2,0,1115,0
4798,,,1,0,1,1,0,1,0,508,0
4799,,,1,1,2,1,1,2,0,1115,0
4800,,,3,5,8,3,5,8,0,1115,0.2
4801,,,1,0,1,1,0,1,0,616,0
4803,,,1,1,2,1,1,2,0,1115,0
4804,,,2,1,3,2,1,3,0,1115,1
4805,,,1,1,2,1,1,2,0,1115,0
4806,,,1,1,2,1,1,2,0,1115,0
4807,,,1,1,2,1,1,2,0,1115,0
4809,,,1,0,1,1,0,1,0,110,0
4810,,,2,0,2,2,0,2,0,109,0
4802,,,3,1,4,3,1,4,0,1115,0.333333
4812,,,4,9,13,4,9,13,0,1115,0.166667
4813,,,1,1,2,1,1,2,0,1115,0
4814,,,5,3,8,5,3,8,0,1115,0.4
4816,,,3,2,5,3,2,5,0,1115,0.75
4818,,,2,1,3,2,1,3,0,1115,0.5
4819,,,0,1,1,0,1,1,0,1137,0
4820,,,1,1,2,1,1,2,0,1115,0
4821,,,1,0,1,1,0,1,0,983,0
4823,,,2,0,2,2,0,2,0,260,1
4824,,,1,3,4,1,3,4,0,1115,0.5
4825,,,2,2,4,2,2,4,0,1115,1
4826,,,1,1,2,1,1,2,0,1115,0
4828,,,7,8,15,7,8,15,0,1115,0.138889
4829,,,2,2,4,2,2,4,0,1115,1
4830,,,4,5,9,4,5,9,0,1115,0.2
4831,,,1,0,1,1,0,1,0,560,0
4832,,,2,3,5,2,3,5,0,1115,0
4833,,,54,58,112,54,58,112,0,1115,0.104199
4834,,,1,1,2,1,1,2,0,1115,0
4835,,,3,1,4,3,1,4,0,1115,0.333333
4836,,,1,0,1,1,0,1,0,801,0
4837,,,2,2,4,2,2,4,0,1115,0
4838,,,7,8,15,7,8,15,0,1115,0.222222
4839,,,3,3,6,3,3,6,0,1115,0
4840,,,16,14,30,16,14,30,0,1115,0.154167
4842,,,1,1,2,1,1,2,0,1115,0
4843,,,1,0,1,1,0,1,0,593,0
4844,,,8,7,15,8,7,15,0,1115,0.111111
4845,,,1,1,2,1,1,2,0,1115,0
4846,,,1,2,3,1,2,3,0,1115,0
4847,,,2,2,4,2,2,4,0,1115,0
4848,,,1,1,2,1,1,2,0,1115,0
4849,,,1,0,1,1,0,1,0,137,0
4851,,,6,6,12,6,6,12,0,1115,0.3
4852,,,10,6,16,10,6,16,0,1115,0.2
4853,,,2,0,2,2,0,2,0,824,0
4854,,,1,1,2,1,1,2,0,1115,0
4855,,,3,0,3,3,0,3,0,507,0.5
4850,,,4,4,8,4,4,8,0,1115,1
4856,,,1,0,1,1,0,1,0,582,0
4841,,,7,6,13,7,6,13,0,1115,0
4857,,,6,12,18,6,12,18,0,1115,0.090909
4858,,,2,2,4,2,2,4,0,1115,0.166667
4859,,,2,3,5,2,3,5,0,1115,0
4861,,,4,5,9,4,5,9,0,1115,0.2
4862,,,5,6,11,5,6,11,0,1115,0.133333
4863,,,1,0,1,1,0,1,0,164,0
4615,,,2,3,5,2,3,5,0,1115,0.5
4864,,,1,1,2,1,1,2,0,1115,0
4865,,,1,0,1,1,0,1,0,982,0
4866,,,2,1,3,2,1,3,0,1115,0
4868,,,1,0,1,1,0,1,0,907,0
4869,,,2,2,4,2,2,4,0,1115,0
4870,,,7,5,12,7,5,12,0,1115,0.190476
4871,,,2,1,3,2,1,3,0,1115,0
4872,,,1,1,2,1,1,2,0,1115,0
4873,,,1,1,2,1,1,2,0,1115,0
4867,,,29,28,57,29,28,57,0,1115,0.177011
4875,,,27,27,54,27,27,54,0,1115,0.134921
4876,,,1,0,1,1,0,1,0,502,0
4877,,,1,0,1,1,0,1,0,981,0
4878,,,1,1,2,1,1,2,0,1115,0
4822,,,1,0,1,1,0,1,0,980,0
4874,,,1,1,2,1,1,2,0,1115,0
4879,,,3,3,6,3,3,6,0,1115,0.333333
4880,,,2,1,3,2,1,3,0,1115,0
4881,,,2,2,4,2,2,4,0,1115,1
4882,,,3,3,6,3,3,6,0,1115,0.333333
4883,,,8,6,14,8,6,14,0,1115,0.166667
4884,,,17,18,35,17,18,35,0,1115,0.081699
4885,,,0,1,1,0,1,1,0,1138,0
4815,,,1,0,1,1,0,1,0,765,0
4886,,,4,4,8,4,4,8,0,1115,0.333333
4887,,,2,3,5,2,3,5,0,1115,0.333333
4890,,,21,17,38,21,17,38,0,1115,0.264822
4891,,,1,0,1,1,0,1,0,878,0
4892,,,2,2,4,2,2,4,0,1115,0
4893,,,15,16,31,15,16,31,0,1115,0.1375
4894,,,1,1,2,1,1,2,0,1115,0
4895,,,1,1,2,1,1,2,0,1115,0
4896,,,1,1,2,1,1,2,0,1115,0
4897,,,7,1,8,7,1,8,0,1115,0.047619
4898,,,10,9,19,10,9,19,0,1115,0.2
4899,,,13,13,26,13,13,26,0,1115,0.170996
4900,,,1,1,2,1,1,2,0,1115,0
4901,,,1,1,2,1,1,2,0,1115,0
4888,,,1,0,1,1,0,1,0,44,0
2003,,,1,1,2,1,1,2,0,1115,0
4902,,,1,1,2,1,1,2,0,1115,0
4903,,,1,0,1,1,0,1,0,527,0
4904,,,2,0,2,2,0,2,0,54,0
4905,,,1,2,3,1,2,3,0,1115,0
4906,,,1,1,2,1,1,2,0,1115,0
4907,,,6,6,12,6,6,12,0,1115,0.214286
4908,,,1,1,2,1,1,2,0,1115,0
4909,,,1,0,1,1,0,1,0,764,0
4910,,,1,0,1,1,0,1,0,763,0
4911,,,1,0,1,1,0,1,0,762,0
4912,,,1,0,1,1,0,1,0,761,0
4913,,,1,0,1,1,0,1,0,760,0
4914,,,1,0,1,1,0,1,0,759,0
4915,,,2,2,4,2,2,4,0,1115,0
4916,,,3,5,8,3,5,8,0,1115,0.3
4917,,,1,1,2,1,1,2,0,1115,0
4918,,,3,3,6,3,3,6,0,1115,0
4919,,,3,3,6,3,3,6,0,1115,0.083333
4920,,,2,1,3,2,1,3,0,1115,0
4921,,,29,21,50,29,21,50,0,1115,0.172348
4922,,,5,5,10,5,5,10,0,1115,0.166667
4923,,,1,1,2,1,1,2,0,1115,0
4924,,,2,2,4,2,2,4,0,1115,1
4925,,,26,31,57,26,31,57,0,1115,0.083779
4926,,,2,1,3,2,1,3,0,1115,0.5
4927,,,1,4,5,1,4,5,0,608,0
4928,,,1,2,3,1,2,3,0,1115,1
4929,,,1,0,1,1,0,1,0,607,0
4930,,,2,0,2,2,0,2,0,470,0
4931,,,2,0,2,2,0,2,0,46,0
4932,,,4,0,4,4,0,4,0,94,0
4933,,,2,0,2,2,0,2,0,506,0
4934,,,3,0,3,3,0,3,0,106,0.666667
4935,,,2,0,2,2,0,2,0,469,0
4936,,,1,0,1,1,0,1,0,505,0
4937,,,11,11,22,11,11,22,0,1115,0.219697
4938,,,5,1,6,5,1,6,0,1115,0.1
4939,,,1,0,1,1,0,1,0,59,0
4940,,,2,2,4,2,2,4,0,1115,0
4941,,,1,0,1,1,0,1,0,821,0
4943,,,2,2,4,2,2,4,0,1115,0
4944,,,1,1,2,1,1,2,0,1115,0
4945,,,4,5,9,4,5,9,0,1115,0.1
4946,,,1,1,2,1,1,2,0,1115,0
4947,,,1,0,1,1,0,1,0,105,0
4948,,,1,0,1,1,0,1,0,104,0
4949,,,2,0,2,2,0,2,0,103,0
4950,,,1,0,1,1,0,1,0,101,0
4951,,,1,0,1,1,0,1,0,100,0
4952,,,2,0,2,2,0,2,0,99,0
4953,,,1,0,1,1,0,1,0,98,0
4954,,,1,0,1,1,0,1,0,97,0
4808,,,1,0,1,1,0,1,0,95,0
4955,,,2,0,2,2,0,2,0,81,0
4956,,,1,6,7,1,6,7,0,1115,0.066667
4958,,,2,0,2,2,0,2,0,92,0
4889,,,1,0,1,1,0,1,0,979,0
4957,,,2,1,3,2,1,3,0,86,0
4959,,,1,0,1,1,0,1,0,90,0
4961,,,1,1,2,1,1,2,0,1115,0
4962,,,1,1,2,1,1,2,0,1115,0
4963,,,2,2,4,2,2,4,0,1115,1
4964,,,1,1,2,1,1,2,0,1115,0
4965,,,8,7,15,8,7,15,0,1115,0.107143
4966,,,2,1,3,2,1,3,0,1115,0.5
4967,,,3,2,5,3,2,5,0,1115,0.5
4968,,,1,1,2,1,1,2,0,1115,0
4969,,,3,4,7,3,4,7,0,1115,0.25
4970,,,4,4,8,4,4,8,0,1115,0
4972,,,1,0,1,1,0,1,0,978,0
4973,,,1,0,1,1,0,1,0,977,0
4960,,,1,1,2,1,1,2,0,1115,0.5
4974,,,1,1,2,1,1,2,0,1115,0
4975,,,1,0,1,1,0,1,0,479,0
4976,,,1,0,1,1,0,1,0,89,0
4978,,,1,1,2,1,1,2,0,1115,0
4971,,,1,1,2,1,1,2,0,1115,0
4979,,,1,1,2,1,1,2,0,1115,0
4980,,,4,3,7,4,3,7,0,1115,0
4981,,,1,1,2,1,1,2,0,1115,0
4977,,,2,3,5,2,3,5,0,1115,0.333333
4982,,,2,2,4,2,2,4,0,1115,0
4983,,,9,10,19,9,10,19,0,1115,0.190909
4984,,,1,1,2,1,1,2,0,1115,0
4985,,,1,1,2,1,1,2,0,1115,0
4986,,,7,4,11,7,4,11,0,1115,0.404762
4987,,,4,4,8,4,4,8,0,1115,0
4988,,,6,3,9,6,3,9,0,1115,0.1
4989,,,1,1,2,1,1,2,0,1115,0
4990,,,2,2,4,2,2,4,0,1115,1
4942,,,4,7,11,4,7,11,0,1115,0.047619
4991,,,6,3,9,6,3,9,0,1115,0.366667
4992,,,1,1,2,1,1,2,0,1115,0
4993,,,3,13,16,3,13,16,0,1115,0.019231
4994,,,1,1,2,1,1,2,0,1115,0
4995,,,2,5,7,2,5,7,0,1115,0.1
4996,,,5,3,8,5,3,8,0,1115,0
4997,,,2,3,5,2,3,5,0,1115,0.333333
4998,,,1,0,1,1,0,1,0,758,0
4999,,,1,2,3,1,2,3,0,1115,0.5
5000,,,1,0,1,1,0,1,0,32,0
5001,,,1,1,2,1,1,2,0,1115,0
5002,,,1,0,1,1,0,1,0,88,0
5003,,,2,2,4,2,2,4,0,1115,0
5004,,,1,0,1,1,0,1,0,45,0
5005,,,4,0,4,4,0,4,0,541,0.916667
5006,,,1,0,1,1,0,1,0,877,0
5007,,,3,3,6,3,3,6,0,1115,0.5
5008,,,1,1,2,1,1,2,0,1115,0
5009,,,3,3,6,3,3,6,0,1115,0
5010,,,1,0,1,1,0,1,0,596,0
5011,,,1,0,1,1,0,1,0,494,0
5012,,,1,2,3,1,2,3,0,1115,0
5014,,,3,3,6,3,3,6,0,1115,0.333333
5013,,,24,25,49,24,25,49,0,1115,0.118333
5015,,,2,1,3,2,1,3,0,1115,0.5
5016,,,2,1,3,2,1,3,0,1115,0.5
5017,,,1,1,2,1,1,2,0,1115,0
5018,,,1,0,1,1,0,1,0,976,0
5019,,,1,0,1,1,0,1,0,975,0
5021,,,5,4,9,5,4,9,0,1115,0.1
5022,,,1,0,1,1,0,1,0,831,0
5023,,,1,5,6,1,5,6,0,1115,0.066667
5024,,,1,1,2,1,1,2,0,1115,0
5025,,,19,22,41,19,22,41,0,1115,0.161667
3772,,,5,5,10,5,5,10,0,1115,0.1
5026,,,1,0,1,1,0,1,0,599,0
5027,,,8,6,14,8,6,14,0,1115,0.097222
5028,,,16,17,33,16,17,33,0,1115,0.219298
5029,,,5,5,10,5,5,10,0,1115,0
5030,,,3,3,6,3,3,6,0,1115,0.333333
5031,,,1,1,2,1,1,2,0,1115,0
5032,,,1,1,2,1,1,2,0,1115,0
5033,,,2,2,4,2,2,4,0,1115,0
5034,,,1,3,4,1,3,4,0,1115,0.333333
5035,,,1,1,2,1,1,2,0,1115,0
5037,,,4,2,6,4,2,6,0,1115,0.416667
5039,,,2,3,5,2,3,5,0,1115,0.083333
5040,,,1,0,1,1,0,1,0,900,0
5036,,,3,2,5,3,2,5,0,1115,0.666667
5041,,,5,5,10,5,5,10,0,1115,0.2
5042,,,1,1,2,1,1,2,0,1115,0
5020,,,1,1,2,1,1,2,0,1115,0
5043,,,1,1,2,1,1,2,0,1115,0
5044,,,3,2,5,3,2,5,0,1115,0
5045,,,3,3,6,3,3,6,0,1115,0.666667
5046,,,4,4,8,4,4,8,0,1115,0
5047,,,1,1,2,1,1,2,0,1115,0
5048,,,1,1,2,1,1,2,0,1115,0
5049,,,1,1,2,1,1,2,0,1115,0
5050,,,1,1,2,1,1,2,0,1115,0
5052,,,2,3,5,2,3,5,0,1115,0.5
5053,,,1,0,1,1,0,1,0,625,0
5054,,,2,2,4,2,2,4,0,1115,0
5055,,,1,1,2,1,1,2,0,1115,0
5056,,,4,4,8,4,4,8,0,1115,0.416667
5051,,,1,0,1,1,0,1,0,592,0
5057,,,1,1,2,1,1,2,0,1115,0
5058,,,1,0,1,1,0,1,0,598,0
5059,,,5,2,7,5,2,7,0,1115,0
5060,,,1,1,2,1,1,2,0,1115,0
5061,,,1,1,2,1,1,2,0,1115,0
5062,,,1,0,1,1,0,1,0,906,0
5063,,,2,0,2,2,0,2,0,58,0
5064,,,7,7,14,7,7,14,0,1115,0
5066,,,4,8,12,4,8,12,0,1115,0.390909
5067,,,8,5,13,8,5,13,0,499,0.678571
5068,,,8,5,13,8,5,13,0,499,0.678571
5069,,,8,5,13,8,5,13,0,499,0.678571
5070,,,8,5,13,8,5,13,0,499,0.678571
5071,,,8,4,12,8,4,12,0,499,0.696429
5072,,,7,5,12,7,5,12,0,499,0.696429
5073,,,3,3,6,3,3,6,0,1115,0.666667
5074,,,2,1,3,2,1,3,0,1115,1
5075,,,2,6,8,2,6,8,0,1115,0.066667
5076,,,3,1,4,3,1,4,0,1115,0.833333
5077,,,1,0,1,1,0,1,0,757,0
5078,,,1,1,2,1,1,2,0,1115,0
5079,,,4,4,8,4,4,8,0,1115,0.166667
5080,,,4,2,6,4,2,6,0,1115,0.15
5081,,,2,0,2,2,0,2,0,756,0
5082,,,1,0,1,1,0,1,0,755,0
5084,,,1,0,1,1,0,1,0,597,0
5085,,,1,1,2,1,1,2,0,1115,0
5086,,,5,1,6,5,1,6,0,1115,0.1
5087,,,1,1,2,1,1,2,0,1115,0
5038,,,1,1,2,1,1,2,0,1115,0
5088,,,2,1,3,2,1,3,0,1115,0
5089,,,1,1,2,1,1,2,0,1115,0
5090,,,1,0,1,1,0,1,0,974,0
5091,,,1,1,2,1,1,2,0,1115,0
5092,,,1,1,2,1,1,2,0,1115,0
5093,,,2,2,4,2,2,4,0,1115,1
5094,,,2,1,3,2,1,3,0,1115,0
5095,,,1,1,2,1,1,2,0,1115,0
5096,,,2,2,4,2,2,4,0,1115,0.5
5097,,,2,0,2,2,0,2,0,528,0
5098,,,1,2,3,1,2,3,0,1115,0.5
5099,,,1,0,1,1,0,1,0,789,0
4860,,,20,24,44,20,24,44,0,1115,0.181818
5100,,,2,0,2,2,0,2,0,579,1
5101,,,4,4,8,4,4,8,0,1115,0.25
5104,,,1,1,2,1,1,2,0,1115,0
5105,,,1,1,2,1,1,2,0,1115,0
5106,,,1,0,1,1,0,1,0,754,0
5108,,,1,0,1,1,0,1,0,753,0
5109,,,1,0,1,1,0,1,0,752,0
5110,,,1,0,1,1,0,1,0,751,0
5111,,,1,0,1,1,0,1,0,750,0
5112,,,1,0,1,1,0,1,0,749,0
5113,,,1,0,1,1,0,1,0,748,0
5083,,,1,0,1,1,0,1,0,747,0
5115,,,6,4,10,6,4,10,0,1115,0.303571
5117,,,1,0,1,1,0,1,0,530,0
5118,,,1,1,2,1,1,2,0,1115,0
5119,,,2,2,4,2,2,4,0,1115,0
5120,,,2,2,4,2,2,4,0,1115,0
5121,,,2,2,4,2,2,4,0,1115,0.5
5122,,,1,1,2,1,1,2,0,1115,0
5123,,,2,1,3,2,1,3,0,1115,0
5124,,,1,1,2,1,1,2,0,1115,0
5125,,,3,5,8,3,5,8,0,1115,0.066667
5126,,,1,0,1,1,0,1,0,478,0
5127,,,1,0,1,1,0,1,0,477,0
5128,,,1,1,2,1,1,2,0,1115,0
5130,,,1,1,2,1,1,2,0,1115,0
5131,,,1,1,2,1,1,2,0,1115,0
5103,,,6,4,10,6,4,10,0,1115,0.133333
5132,,,2,2,4,2,2,4,0,1115,0
5133,,,1,1,2,1,1,2,0,1115,0
5129,,,3,1,4,3,1,4,0,1115,0.333333
5134,,,1,1,2,1,1,2,0,1115,0
5135,,,1,0,1,1,0,1,0,973,0
5136,,,1,0,1,1,0,1,0,972,0
5137,,,1,0,1,1,0,1,0,971,0
5138,,,3,3,6,3,3,6,0,1115,0.333333
5139,,,6,6,12,6,6,12,0,1115,0.261905
5140,,,1,0,1,1,0,1,0,970,0
5141,,,3,1,4,3,1,4,0,1115,0.333333
5142,,,3,2,5,3,2,5,0,1115,0.333333
5143,,,2,2,4,2,2,4,0,1115,0.666667
5144,,,2,2,4,2,2,4,0,1115,0
5145,,,1,1,2,1,1,2,0,1115,0
5146,,,7,7,14,7,7,14,0,1115,0.119048
5147,,,2,0,2,2,0,2,0,746,0
5148,,,1,0,1,1,0,1,0,745,0
5149,,,3,0,3,3,0,3,0,591,0.5
5150,,,2,0,2,2,0,2,0,744,1
5152,,,1,0,1,1,0,1,0,815,0
5153,,,2,0,2,2,0,2,0,743,0
5154,,,1,0,1,1,0,1,0,742,0
5155,,,3,4,7,3,4,7,0,1115,0.25
5156,,,2,2,4,2,2,4,0,1115,0
5157,,,13,7,20,13,7,20,0,1115,0.593407
5158,,,1,0,1,1,0,1,0,1113,0
5159,,,3,0,3,3,0,3,0,730,0.666667
5160,,,2,0,2,2,0,2,0,741,0
5161,,,2,0,2,2,0,2,0,740,0
5162,,,1,0,1,1,0,1,0,820,0
5163,,,1,1,2,1,1,2,0,1115,0
5164,,,2,0,2,2,0,2,0,734,1
5165,,,1,1,2,1,1,2,0,1115,0
5166,,,1,0,1,1,0,1,0,739,0
5167,,,1,0,1,1,0,1,0,738,0
5168,,,1,0,1,1,0,1,0,737,0
5170,,,1,0,1,1,0,1,0,736,0
5171,,,1,0,1,1,0,1,0,735,0
5172,,,1,0,1,1,0,1,0,733,0
5173,,,1,0,1,1,0,1,0,732,0
5174,,,1,0,1,1,0,1,0,731,0
5169,,,1,0,1,1,0,1,0,729,0
5116,,,1,0,1,1,0,1,0,728,0
5114,,,1,0,1,1,0,1,0,727,0
5107,,,1,0,1,1,0,1,0,726,0
5175,,,7,7,14,7,7,14,0,1115,0.196429
5176,,,1,0,1,1,0,1,0,725,0
5177,,,1,0,1,1,0,1,0,724,0
5178,,,1,1,2,1,1,2,0,1115,0
5179,,,1,0,1,1,0,1,0,798,0
5180,,,2,4,6,2,4,6,0,1115,0.1
5181,,,1,0,1,1,0,1,0,723,0
5182,,,1,0,1,1,0,1,0,722,0
5183,,,1,0,1,1,0,1,0,872,0
5184,,,1,1,2,1,1,2,0,1115,0
5185,,,2,0,2,2,0,2,0,721,1
5186,,,6,5,11,6,5,11,0,1115,0
5187,,,1,1,2,1,1,2,0,1115,0
5188,,,1,1,2,1,1,2,0,1115,0
5189,,,4,0,4,4,0,4,0,143,0.166667
5190,,,1,0,1,1,0,1,0,720,0
5191,,,1,0,1,1,0,1,0,719,0
5192,,,4,1,5,4,1,5,0,1115,0.5
5194,,,1,1,2,1,1,2,0,1115,0
5195,,,6,3,9,6,3,9,0,1115,0.238095
5196,,,1,0,1,1,0,1,0,718,0
5193,,,9,11,20,9,11,20,0,1115,0.3
5197,,,8,9,17,8,9,17,0,1115,0.371212
5198,,,7,8,15,7,8,15,0,1115,0.455556
5199,,,3,3,6,3,3,6,0,1115,1
5200,,,6,7,13,6,7,13,0,1115,0.390909
5201,,,5,6,11,5,6,11,0,1115,0.486111
5202,,,5,6,11,5,6,11,0,1115,0.486111
5203,,,5,5,10,5,5,10,0,1115,0.464286
5204,,,4,0,4,4,0,4,0,33,0.75
5205,,,3,0,3,3,0,3,0,717,0.666667
5206,,,3,0,3,3,0,3,0,814,0.666667
5207,,,2,0,2,2,0,2,0,501,0
5208,,,1,1,2,1,1,2,0,1115,0
5209,,,1,0,1,1,0,1,0,716,0
5210,,,1,0,1,1,0,1,0,715,0
5211,,,1,1,2,1,1,2,0,1115,0
5212,,,7,2,9,7,2,9,0,1115,0.285714
5213,,,4,3,7,4,3,7,0,1115,0.4
5214,,,1,0,1,1,0,1,0,493,0
5215,,,4,1,5,4,1,5,0,516,0.5
5216,,,3,1,4,3,1,4,0,516,0.666667
5217,,,8,2,10,8,2,10,0,1115,0.232143
5218,,,2,1,3,2,1,3,0,1115,0
5219,,,1,2,3,1,2,3,0,1115,0
5220,,,1,0,1,1,0,1,0,969,0
5222,,,1,0,1,1,0,1,0,714,0
5223,,,1,0,1,1,0,1,0,713,0
5224,,,5,4,9,5,4,9,0,1115,0.5
5225,,,1,0,1,1,0,1,0,712,0
5226,,,2,1,3,2,1,3,0,1115,0
5228,,,14,16,30,14,16,30,0,1115,0.213235
5230,,,1,0,1,1,0,1,0,711,0
5231,,,9,5,14,9,5,14,0,1115,0.402778
5232,,,1,0,1,1,0,1,0,710,0
5233,,,1,0,1,1,0,1,0,709,0
5234,,,1,3,4,1,3,4,0,1115,0.5
5235,,,2,3,5,2,3,5,0,1115,0.166667
5236,,,2,1,3,2,1,3,0,1115,1
5237,,,5,1,6,5,1,6,0,708,0.3
5238,,,1,3,4,1,3,4,0,1115,0.5
5239,,,4,2,6,4,2,6,0,708,0.25
5240,,,3,0,3,3,0,3,0,707,0.333333
5227,,,63,65,128,63,65,128,0,1115,0.077465
5241,,,1,1,2,1,1,2,0,1115,0
5242,,,4,4,8,4,4,8,0,1115,0.166667
5243,,,2,0,2,2,0,2,0,706,0
5244,,,1,1,2,1,1,2,0,1115,0
5245,,,3,2,5,3,2,5,0,1115,0
5229,,,1,0,1,1,0,1,0,968,0
5247,,,1,0,1,1,0,1,0,967,0
5248,,,1,1,2,1,1,2,0,1115,0
5246,,,1,1,2,1,1,2,0,1115,0
5249,,,5,5,10,5,5,10,0,1115,0.119048
5250,,,2,2,4,2,2,4,0,1115,1
5251,,,16,17,33,16,17,33,0,1115,0.044118
5252,,,1,0,1,1,0,1,0,496,0
5254,,,1,0,1,1,0,1,0,568,0
5255,,,14,13,27,14,13,27,0,1115,0.159341
5256,,,1,0,1,1,0,1,0,966,0
5221,,,1,2,3,1,2,3,0,1115,0.5
5257,,,2,2,4,2,2,4,0,1115,0
5258,,,1,1,2,1,1,2,0,1115,0
5260,,,2,1,3,2,1,3,0,1115,0
5261,,,1,1,2,1,1,2,0,1115,0
5262,,,1,0,1,1,0,1,0,705,0
5263,,,1,1,2,1,1,2,0,1115,0.5
5264,,,1,0,1,1,0,1,0,606,0
5151,,,1,1,2,1,1,2,0,1115,0
5265,,,1,1,2,1,1,2,0,1115,0
5267,,,3,3,6,3,3,6,0,1115,0.333333
5268,,,1,0,1,1,0,1,0,31,0
5269,,,5,6,11,5,6,11,0,1115,0.233333
5270,,,2,0,2,2,0,2,0,704,0
5271,,,1,1,2,1,1,2,0,1115,0
5272,,,1,0,1,1,0,1,0,633,0
5273,,,1,0,1,1,0,1,0,703,0
5274,,,1,0,1,1,0,1,0,965,0
5275,,,3,2,5,3,2,5,0,1115,0.5
5276,,,1,0,1,1,0,1,0,702,0
5277,,,1,0,1,1,0,1,0,701,0
5278,,,1,1,2,1,1,2,0,1115,0
5279,,,1,1,2,1,1,2,0,1115,0
5280,,,7,8,15,7,8,15,0,1115,0.392857
5281,,,1,0,1,1,0,1,0,700,0
5282,,,1,1,2,1,1,2,0,1115,0
5283,,,1,2,3,1,2,3,0,1115,0
5284,,,1,1,2,1,1,2,0,1115,0
5285,,,2,0,2,2,0,2,0,533,0
5286,,,6,7,13,6,7,13,0,1115,0
5288,,,2,0,2,2,0,2,0,65,0
5289,,,1,0,1,1,0,1,0,699,0
5290,,,1,1,2,1,1,2,0,1115,0
5291,,,1,0,1,1,0,1,0,698,0
5287,,,3,3,6,3,3,6,0,1115,0.333333
5292,,,1,1,2,1,1,2,0,1115,0
5293,,,1,1,2,1,1,2,0,1115,0
5294,,,6,6,12,6,6,12,0,1115,0.266667
5295,,,1,0,1,1,0,1,0,697,0
5296,,,7,7,14,7,7,14,0,1115,0.095238
5297,,,3,1,4,3,1,4,0,1115,0.333333
5298,,,5,4,9,5,4,9,0,1115,0.25
5299,,,4,0,4,4,0,4,0,559,0.333333
5300,,,1,0,1,1,0,1,0,858,0
5301,,,1,0,1,1,0,1,0,696,0
5302,,,1,1,2,1,1,2,0,1115,0
5303,,,1,0,1,1,0,1,0,695,0
5304,,,1,0,1,1,0,1,0,844,0
5305,,,3,0,3,3,0,3,0,590,0.5
5259,,,8,7,15,8,7,15,0,1115,0.196429
5307,,,1,1,2,1,1,2,0,1115,0
5308,,,1,1,2,1,1,2,0,1115,0
5306,,,1,1,2,1,1,2,0,1115,0
5310,,,3,3,6,3,3,6,0,1115,0
5312,,,7,7,14,7,7,14,0,1115,0.097222
5313,,,1,0,1,1,0,1,0,694,0
5314,,,1,0,1,1,0,1,0,693,0
5315,,,2,2,4,2,2,4,0,1115,0
5317,,,7,2,9,7,2,9,0,1115,0.547619
5318,,,4,1,5,4,1,5,0,1115,0.583333
5319,,,1,0,1,1,0,1,0,692,0
5320,,,1,0,1,1,0,1,0,691,0
5321,,,1,1,2,1,1,2,0,1115,0
5322,,,1,1,2,1,1,2,0,1115,0
5323,,,1,0,1,1,0,1,0,690,0
5324,,,1,0,1,1,0,1,0,689,0
5325,,,1,0,1,1,0,1,0,688,0
5326,,,1,0,1,1,0,1,0,687,0
5327,,,1,0,1,1,0,1,0,686,0
5328,,,1,0,1,1,0,1,0,685,0
5329,,,1,0,1,1,0,1,0,684,0
5330,,,1,0,1,1,0,1,0,683,0
5331,,,1,0,1,1,0,1,0,682,0
5332,,,1,0,1,1,0,1,0,681,0
5333,,,1,0,1,1,0,1,0,680,0
5334,,,1,0,1,1,0,1,0,679,0
5335,,,1,0,1,1,0,1,0,678,0
5336,,,1,0,1,1,0,1,0,813,0
5337,,,1,0,1,1,0,1,0,677,0
5338,,,2,0,2,2,0,2,0,587,1
5309,,,2,2,4,2,2,4,0,1115,0
5340,,,1,0,1,1,0,1,0,676,0
5341,,,1,0,1,1,0,1,0,675,0
5342,,,1,0,1,1,0,1,0,674,0
5343,,,1,0,1,1,0,1,0,673,0
5344,,,2,0,2,2,0,2,0,672,1
5345,,,3,2,5,3,2,5,0,1115,0.166667
5339,,,3,3,6,3,3,6,0,1115,0
5346,,,3,0,3,3,0,3,0,163,0
5348,,,1,1,2,1,1,2,0,1115,0
5349,,,1,0,1,1,0,1,0,671,0
5350,,,1,0,1,1,0,1,0,670,0
5351,,,1,0,1,1,0,1,0,964,0
5352,,,3,2,5,3,2,5,0,1115,0.166667
5353,,,9,11,20,9,11,20,0,1115,0.136364
5354,,,1,0,1,1,0,1,0,669,0
5355,,,1,1,2,1,1,2,0,1115,0
5065,,,16,25,41,16,25,41,0,1115,0.287749
5356,,,1,1,2,1,1,2,0,1115,0
5357,,,1,0,1,1,0,1,0,668,0
5316,,,31,23,54,31,23,54,0,1115,0.176136
5358,,,2,2,4,2,2,4,0,1115,0
5359,,,2,2,4,2,2,4,0,36,0
5360,,,3,1,4,3,1,4,0,36,0
5361,,,1,0,1,1,0,1,0,667,0
5363,,,15,45,60,15,45,60,0,1115,0.02657
5364,,,1,0,1,1,0,1,0,238,0
5365,,,1,1,2,1,1,2,0,1115,0
5366,,,3,3,6,3,3,6,0,1115,0
5367,,,5,2,7,5,2,7,0,1115,0.3
5368,,,3,1,4,3,1,4,0,1115,0.666667
5369,,,1,0,1,1,0,1,0,666,0
5370,,,1,1,2,1,1,2,0,1115,0
5371,,,1,0,1,1,0,1,0,237,0
5373,,,2,0,2,2,0,2,0,665,0
5374,,,2,0,2,2,0,2,0,664,0
5375,,,2,0,2,2,0,2,0,663,0
5376,,,2,0,2,2,0,2,0,662,0
5377,,,2,0,2,2,0,2,0,661,0
5378,,,2,0,2,2,0,2,0,660,0
5379,,,2,0,2,2,0,2,0,659,0
5380,,,2,0,2,2,0,2,0,658,0
5381,,,2,0,2,2,0,2,0,639,0
5382,,,2,0,2,2,0,2,0,638,0
5372,,,1,0,1,1,0,1,0,532,0
5383,,,3,3,6,3,3,6,0,1115,0.666667
5384,,,8,5,13,8,5,13,0,1115,0.319444
5385,,,1,0,1,1,0,1,0,657,0
5388,,,1,0,1,1,0,1,0,656,0
5386,,,1,0,1,1,0,1,0,655,0
5387,,,1,0,1,1,0,1,0,654,0
5389,,,1,0,1,1,0,1,0,653,0
5390,,,2,1,3,2,1,3,0,36,0
5391,,,1,0,1,1,0,1,0,652,0
5392,,,1,0,1,1,0,1,0,651,0
5393,,,1,1,2,1,1,2,0,1115,0
5394,,,2,0,2,2,0,2,0,650,0
5395,,,2,0,2,2,0,2,0,649,0
5347,,,1,1,2,1,1,2,0,1115,0
5397,,,4,5,9,4,5,9,0,1115,0.45
5398,,,4,4,8,4,4,8,0,1115,0.25
5396,,,4,0,4,4,0,4,0,589,0.833333
5399,,,0,1,1,0,1,1,0,1139,0
5362,,,1,1,2,1,1,2,0,1115,0
5400,,,1,0,1,1,0,1,0,648,0
5401,,,1,0,1,1,0,1,0,647,0
5402,,,1,0,1,1,0,1,0,646,0
5404,,,2,2,4,2,2,4,0,1115,1
5405,,,1,0,1,1,0,1,0,645,0
5406,,,1,0,1,1,0,1,0,644,0
5407,,,1,0,1,1,0,1,0,643,0
5403,,,24,25,49,24,25,49,0,1115,0.188333
5408,,,10,11,21,10,11,21,0,1115,0.136364
5409,,,1,0,1,1,0,1,0,857,0
5410,,,1,0,1,1,0,1,0,845,0
5411,,,6,7,13,6,7,13,0,1115,0.095238
5412,,,1,0,1,1,0,1,0,963,0
5414,,,2,2,4,2,2,4,0,1115,0
5415,,,3,3,6,3,3,6,0,1115,0
5416,,,1,1,2,1,1,2,0,1115,0
5417,,,1,1,2,1,1,2,0,905,0
5419,,,1,1,2,1,1,2,0,1115,0
5420,,,2,2,4,2,2,4,0,1115,0
5421,,,2,1,3,2,1,3,0,1115,0.5
5422,,,2,1,3,2,1,3,0,1115,0
5423,,,1,1,2,1,1,2,0,1115,0
5424,,,1,0,1,1,0,1,0,412,0
5426,,,1,1,2,1,1,2,0,1115,0
5427,,,2,2,4,2,2,4,0,1115,1
5428,,,3,3,6,3,3,6,0,1115,0.666667
5429,,,2,2,4,2,2,4,0,1115,1
5430,,,1,0,1,1,0,1,0,642,0
5431,,,1,0,1,1,0,1,0,641,0
5432,,,4,5,9,4,5,9,0,1115,0.1
5418,,,1,1,2,1,1,2,0,1115,0
5433,,,2,2,4,2,2,4,0,1115,0.5
5435,,,2,2,4,2,2,4,0,1115,0
5253,,,1,1,2,1,1,2,0,1115,0
5436,,,1,0,1,1,0,1,0,640,0
5437,,,1,1,2,1,1,2,0,1115,0
5425,,,1,1,2,1,1,2,0,1115,0
5438,,,1,1,2,1,1,2,0,1115,0
5439,,,4,3,7,4,3,7,0,1115,0.25
5440,,,9,10,19,9,10,19,0,1115,0.487179
5441,,,4,4,8,4,4,8,0,1115,0.6
5442,,,3,2,5,3,2,5,0,1115,0.416667
5443,,,7,5,12,7,5,12,0,1115,0.238095
5434,,,1,1,2,1,1,2,0,1115,0
5444,,,1,1,2,1,1,2,0,1115,0
5445,,,1,1,2,1,1,2,0,1115,0
5446,,,2,1,3,2,1,3,0,1115,0
5447,,,1,0,1,1,0,1,0,500,0
5448,,,2,1,3,2,1,3,0,1115,0.5
5449,,,20,21,41,20,21,41,0,1115,0.300866
5451,,,1,1,2,1,1,2,0,1115,0
5452,,,1,0,1,1,0,1,0,142,0
5453,,,1,0,1,1,0,1,0,217,0
5454,,,1,0,1,1,0,1,0,553,0
5455,,,1,0,1,1,0,1,0,1112,0
5456,,,1,0,1,1,0,1,0,904,0
5457,,,11,13,24,11,13,24,0,1115,0.238095
5458,,,7,5,12,7,5,12,0,1115,0.321429
5459,,,1,0,1,1,0,1,0,856,0
5460,,,4,4,8,4,4,8,0,1115,0.25
5461,,,1,0,1,1,0,1,0,830,0
5463,,,1,0,1,1,0,1,0,855,0
5462,,,1,0,1,1,0,1,0,854,0
5413,,,18,19,37,18,19,37,0,1115,0.106884
5464,,,1,0,1,1,0,1,0,566,0
5465,,,3,3,6,3,3,6,0,1115,0.333333
5466,,,5,5,10,5,5,10,0,1115,0.1
5467,,,1,0,1,1,0,1,0,637,0
5468,,,1,0,1,1,0,1,0,962,0
5469,,,1,2,3,1,2,3,0,1115,0.5
5470,,,1,1,2,1,1,2,0,1115,0
5471,,,6,1,7,6,1,7,0,812,0.266667
5472,,,35,31,66,35,31,66,0,1115,0.140385
5311,,,1,1,2,1,1,2,0,1115,0
5473,,,6,4,10,6,4,10,0,1115,0.339286
5474,,,1,0,1,1,0,1,0,961,0
5475,,,1,6,7,1,6,7,0,1115,0
5476,,,11,11,22,11,11,22,0,1115,0.121212
5477,,,2,0,2,2,0,2,0,805,0
5478,,,4,3,7,4,3,7,0,1115,0.066667
5479,,,7,4,11,7,4,11,0,1115,0.285714
5480,,,7,4,11,7,4,11,0,1115,0.571429
5481,,,5,5,10,5,5,10,0,1115,0.45
5450,,,8,10,18,8,10,18,0,1115,0.537879
5482,,,17,23,40,17,23,40,0,1115,0.294872
5483,,,3,2,5,3,2,5,0,1115,0.5
5484,,,4,2,6,4,2,6,0,1115,0.5
5485,,,3,0,3,3,0,3,0,577,0.833333
5486,,,1,0,1,1,0,1,0,87,0
5487,,,1,0,1,1,0,1,0,777,0
5488,,,2,0,2,2,0,2,0,35,0.5
5489,,,3,4,7,3,4,7,0,1115,0
5490,,,2,0,2,2,0,2,0,804,0
5491,,,1,1,2,1,1,2,0,1115,0
5492,,,3,3,6,3,3,6,0,1115,0
5494,,,1,1,2,1,1,2,0,1115,0
5495,,,1,0,1,1,0,1,0,565,0
4811,,,1,1,2,1,1,2,0,1115,0
5496,,,1,0,1,1,0,1,0,212,0
5497,,,1,1,2,1,1,2,0,1115,0
5498,,,1,0,1,1,0,1,0,16,0
5499,,,1,1,2,1,1,2,0,1115,0
5500,,,1,0,1,1,0,1,0,897,0
5501,,,6,5,11,6,5,11,0,1115,0.285714
5502,,,1,0,1,1,0,1,0,955,0
5503,,,1,0,1,1,0,1,0,954,0
5504,,,2,2,4,2,2,4,0,1115,0
5505,,,3,1,4,3,1,4,0,1115,0.333333
5506,,,14,30,44,14,30,44,0,1115,0.235736
5508,,,22,29,51,22,29,51,0,1115,0.191622
5510,,,7,6,13,7,6,13,0,1115,0.214286
5511,,,1,1,2,1,1,2,0,1115,0
5512,,,3,1,4,3,1,4,0,1115,0.666667
5513,,,2,0,2,2,0,2,0,538,1
5515,,,2,9,11,2,9,11,0,1115,0.402778
5516,,,3,0,3,3,0,3,0,211,0.333333
5517,,,1,0,1,1,0,1,0,818,0
5518,,,1,1,2,1,1,2,0,1115,0
5519,,,1,0,1,1,0,1,0,540,0
5522,,,2,3,5,2,3,5,0,1115,0
5521,,,4,2,6,4,2,6,0,1115,0.166667
5523,,,7,6,13,7,6,13,0,1115,0.236111
5525,,,19,23,42,19,23,42,0,1115,0.173563
5526,,,2,3,5,2,3,5,0,1115,0.5
5527,,,3,2,5,3,2,5,0,1115,0.833333
5528,,,5,9,14,5,9,14,0,1115,0.455556
5514,,,2,0,2,2,0,2,0,778,0.5
5530,,,1,0,1,1,0,1,0,552,0
5531,,,3,1,4,3,1,4,0,1115,0.333333
5532,,,2,0,2,2,0,2,0,18,1
5533,,,3,0,3,3,0,3,0,19,0.333333
5534,,,2,1,3,2,1,3,0,1115,1
5536,,,2,3,5,2,3,5,0,1115,0.166667
5537,,,1,0,1,1,0,1,0,953,0
5538,,,1,0,1,1,0,1,0,952,0
5539,,,3,5,8,3,5,8,0,1115,0.2
5540,,,2,5,7,2,5,7,0,1115,0.75
5541,,,9,11,20,9,11,20,0,1115,0.209091
5542,,,1,0,1,1,0,1,0,206,0
5544,,,4,1,5,4,1,5,0,812,0.333333
5543,,,3,4,7,3,4,7,0,1115,0.3
5546,,,1,0,1,1,0,1,0,829,0
5529,,,27,28,55,27,28,55,0,1115,0.162698
5547,,,1,0,1,1,0,1,0,769,0
5548,,,1,0,1,1,0,1,0,43,0
5549,,,1,1,2,1,1,2,0,1115,0
5550,,,3,3,6,3,3,6,0,1115,0.333333
5551,,,5,1,6,5,1,6,0,21,0.2
5552,,,2,0,2,2,0,2,0,537,0
5553,,,7,4,11,7,4,11,0,1115,0.053571
5554,,,4,2,6,4,2,6,0,1115,0.25
5555,,,2,2,4,2,2,4,0,1115,0
5556,,,3,3,6,3,3,6,0,1115,0
5557,,,1,0,1,1,0,1,0,578,0
5558,,,1,1,2,1,1,2,0,1115,0
5559,,,1,10,11,1,10,11,0,1115,0.522222
5560,,,1,1,2,1,1,2,0,1115,0
5561,,,1,0,1,1,0,1,0,782,0
5563,,,1,1,2,1,1,2,0,1115,0
5564,,,1,1,2,1,1,2,0,1115,0
5566,,,1,1,2,1,1,2,0,1115,0
5567,,,1,0,1,1,0,1,0,951,0
5568,,,1,1,2,1,1,2,0,1115,0
5524,,,7,9,16,7,9,16,0,1115,0.347222
5569,,,9,5,14,9,5,14,0,1115,0.254545
5570,,,4,1,5,4,1,5,0,1115,0
5573,,,1,1,2,1,1,2,0,1115,0
5574,,,3,2,5,3,2,5,0,1115,0
5575,,,1,0,1,1,0,1,0,61,0
5576,,,6,0,6,6,0,6,0,588,0.5
5577,,,5,1,6,5,1,6,0,1115,0.5
5579,,,1,1,2,1,1,2,0,1115,0
5580,,,1,1,2,1,1,2,0,1115,0
5581,,,2,1,3,2,1,3,0,1115,0
5582,,,2,2,4,2,2,4,0,1115,0
5583,,,2,2,4,2,2,4,0,1115,1
5585,,,1,0,1,1,0,1,0,960,0
5586,,,1,0,1,1,0,1,0,959,0
5587,,,1,0,1,1,0,1,0,958,0
5588,,,1,0,1,1,0,1,0,957,0
5589,,,1,0,1,1,0,1,0,956,0
5590,,,5,5,10,5,5,10,0,1115,0.2
5591,,,16,15,31,16,15,31,0,1115,0.264706
5592,,,1,0,1,1,0,1,0,950,0
5593,,,1,1,2,1,1,2,0,1115,0
5594,,,4,1,5,4,1,5,0,1115,0.583333
5596,,,12,10,22,12,10,22,0,1115,0.247253
5597,,,1,1,2,1,1,2,0,1115,0
5598,,,2,2,4,2,2,4,0,1115,1
5599,,,1,0,1,1,0,1,0,843,0
5507,,,3,2,5,3,2,5,0,1115,0.333333
5595,,,1,0,1,1,0,1,0,819,0
5601,,,1,0,1,1,0,1,0,544,0
5600,,,1,0,1,1,0,1,0,949,0
5603,,,1,0,1,1,0,1,0,410,0
5604,,,1,3,4,1,3,4,0,1115,0.166667
5607,,,1,1,2,1,1,2,0,1115,0
5609,,,7,5,12,7,5,12,0,1115,0.303571
5610,,,4,4,8,4,4,8,0,1115,0.25
5571,,,3,0,3,3,0,3,0,26,0.5
5611,,,6,4,10,6,4,10,0,1115,0.404762
5608,,,7,4,11,7,4,11,0,1115,0.178571
5612,,,50,50,100,50,50,100,0,1115,0.102694
5614,,,5,6,11,5,6,11,0,1115,0.2
5615,,,1,1,2,1,1,2,0,1115,0
5616,,,2,0,2,2,0,2,0,629,0
5617,,,1,0,1,1,0,1,0,776,0
5618,,,3,2,5,3,2,5,0,1115,0.333333
5619,,,4,5,9,4,5,9,0,1115,0.1
5622,,,2,1,3,2,1,3,0,1115,1
5623,,,9,12,21,9,12,21,0,1115,0.410256
5624,,,2,8,10,2,8,10,0,1115,0.767857
5625,,,4,2,6,4,2,6,0,1115,0.2
5626,,,1,1,2,1,1,2,0,1115,0
5627,,,1,1,2,1,1,2,0,1115,0
5606,,,12,11,23,12,11,23,0,1115,0.252381
5602,,,10,9,19,10,9,19,0,1115,0.439394
5631,,,5,6,11,5,6,11,0,1115,0
5630,,,1,3,4,1,3,4,0,1115,0.333333
5633,,,2,0,2,2,0,2,0,567,0.5
5634,,,3,1,4,3,1,4,0,1115,0.666667
5635,,,21,17,38,21,17,38,0,1115,0.136364
5632,,,3,3,6,3,3,6,0,1115,1
5636,,,3,7,10,3,7,10,0,1115,0.166667
5613,,,7,1,8,7,1,8,0,1115,0.690476
5638,,,2,0,2,2,0,2,0,786,1
5639,,,1,0,1,1,0,1,0,853,0
5640,,,2,1,3,2,1,3,0,1115,0.333333
5641,,,1,0,1,1,0,1,0,785,0
5643,,,3,1,4,3,1,4,0,1115,0.25
5644,,,1,0,1,1,0,1,0,25,0
5645,,,1,0,1,1,0,1,0,781,0
5646,,,1,0,1,1,0,1,0,564,0
5648,,,1,4,5,1,4,5,0,1115,0
5649,,,7,9,16,7,9,16,0,1115,0.022222
5650,,,3,1,4,3,1,4,0,1115,0.833333
5647,,,4,2,6,4,2,6,0,1115,0
5652,,,1,0,1,1,0,1,0,948,0
5653,,,1,0,1,1,0,1,0,947,0
5654,,,9,8,17,9,8,17,0,1115,0.158088
5655,,,6,13,19,6,13,19,0,1115,0.164835
5656,,,1,1,2,1,1,2,0,1115,0
5657,,,1,1,2,1,1,2,0,1115,0
5658,,,2,2,4,2,2,4,0,1115,0
5659,,,1,0,1,1,0,1,0,12,0
5660,,,1,0,1,1,0,1,0,903,0
5661,,,5,8,13,5,8,13,0,1115,0.607143
5662,,,1,0,1,1,0,1,0,780,0
5663,,,1,1,2,1,1,2,0,1115,0
5664,,,1,1,2,1,1,2,0,1115,0
5665,,,2,2,4,2,2,4,0,1115,0
5666,,,1,1,2,1,1,2,0,1115,0
5667,,,4,9,13,4,9,13,0,1115,0.291667
5668,,,1,1,2,1,1,2,0,1115,0
5669,,,1,1,2,1,1,2,0,1115,0
5670,,,1,1,2,1,1,2,0,1115,0
5672,,,1,1,2,1,1,2,0,1115,0
5673,,,1,1,2,1,1,2,0,1115,0
5674,,,2,2,4,2,2,4,0,1115,0
5675,,,1,0,1,1,0,1,0,576,0
5676,,,2,1,3,2,1,3,0,1115,1
5565,,,6,6,12,6,6,12,0,1115,0.2
5678,,,1,1,2,1,1,2,0,1115,0
5679,,,1,0,1,1,0,1,0,846,0
5680,,,2,2,4,2,2,4,0,1115,1
5682,,,1,1,2,1,1,2,0,1115,0
5683,,,1,0,1,1,0,1,0,543,0
5685,,,1,1,2,1,1,2,0,1115,0
5686,,,2,0,2,2,0,2,0,531,0
5687,,,1,2,3,1,2,3,0,1115,0
5642,,,1,1,2,1,1,2,0,1115,0
5688,,,2,3,5,2,3,5,0,1115,0.333333
5689,,,5,4,9,5,4,9,0,1115,0.133333
5691,,,10,6,16,10,6,16,0,1115,0.166667
5692,,,1,1,2,1,1,2,0,1115,0
5694,,,1,1,2,1,1,2,0,1115,0
5695,,,1,1,2,1,1,2,0,1115,0
5677,,,2,2,4,2,2,4,0,1115,1
5578,,,9,7,16,9,7,16,0,1115,0.177778
5698,,,1,0,1,1,0,1,0,775,0
5700,,,1,3,4,1,3,4,0,1115,0.333333
5703,,,1,0,1,1,0,1,0,946,0
5704,,,3,2,5,3,2,5,0,1115,0.166667
5699,,,1,1,2,1,1,2,0,1115,0
5706,,,1,0,1,1,0,1,0,210,0
5705,,,1,0,1,1,0,1,0,24,0
5684,,,1,0,1,1,0,1,0,889,0
5545,,,1,0,1,1,0,1,0,536,0
5707,,,4,4,8,4,4,8,0,1115,0.5
5708,,,1,1,2,1,1,2,0,1115,0
5709,,,2,0,2,2,0,2,0,636,0
5710,,,1,1,2,1,1,2,0,1115,0
5711,,,2,0,2,2,0,2,0,851,0.5
5712,,,25,4,29,25,4,29,0,1115,0.204615
5713,,,1,0,1,1,0,1,0,535,0
5714,,,1,1,2,1,1,2,0,1115,0
5715,,,3,3,6,3,3,6,0,1115,0.333333
5701,,,1,1,2,1,1,2,0,1115,0
5717,,,0,1,1,0,1,1,0,1140,0
5718,,,2,0,2,2,0,2,0,1109,0
5719,,,4,3,7,4,3,7,0,1115,0.433333
5720,,,1,0,1,1,0,1,0,549,0
5721,,,1,0,1,1,0,1,0,632,0
5722,,,1,1,2,1,1,2,0,1115,0
5723,,,1,1,2,1,1,2,0,1115,0
5724,,,1,1,2,1,1,2,0,1115,0
5725,,,1,1,2,1,1,2,0,1115,0
5726,,,2,1,3,2,1,3,0,1115,0.5
5729,,,6,4,10,6,4,10,0,1115,0.333333
5730,,,4,1,5,4,1,5,0,1115,0.583333
5731,,,4,1,5,4,1,5,0,1115,0.583333
5732,,,4,1,5,4,1,5,0,1115,0.583333
5733,,,3,3,6,3,3,6,0,1115,0.4
5520,,,1,1,2,1,1,2,0,1115,0
5736,,,2,1,3,2,1,3,0,1115,0.5
5737,,,1,0,1,1,0,1,0,842,0
5738,,,1,2,3,1,2,3,0,1115,0
5739,,,0,1,1,0,1,1,0,1141,0
5740,,,1,1,2,1,1,2,0,1115,0
5741,,,1,0,1,1,0,1,0,575,0
5742,,,1,0,1,1,0,1,0,841,0
5744,,,1,1,2,1,1,2,0,1115,0
5743,,,2,1,3,2,1,3,0,1115,1
5702,,,1,1,2,1,1,2,0,1115,0
5745,,,1,0,1,1,0,1,0,574,0
5746,,,2,0,2,2,0,2,0,2,0
5747,,,1,0,1,1,0,1,0,209,0
5748,,,1,0,1,1,0,1,0,430,0
5749,,,2,0,2,2,0,2,0,208,0.5
5750,,,2,0,2,2,0,2,0,876,1
5752,,,1,0,1,1,0,1,0,539,0
5753,,,2,2,4,2,2,4,0,1115,1
5755,,,1,0,1,1,0,1,0,945,0
5756,,,1,0,1,1,0,1,0,944,0
5754,,,3,0,3,3,0,3,0,207,0.833333
5757,,,1,0,1,1,0,1,0,779,0
5759,,,5,5,10,5,5,10,0,1115,0
5760,,,3,5,8,3,5,8,0,1115,0.45
5761,,,1,1,2,1,1,2,0,1115,0
5762,,,4,6,10,4,6,10,0,1115,0.366667
5763,,,3,5,8,3,5,8,0,1115,0.45
5764,,,3,0,3,3,0,3,0,545,0.833333
5765,,,2,6,8,2,6,8,0,1115,0.3
5767,,,1,1,2,1,1,2,0,1115,0
5768,,,1,0,1,1,0,1,0,548,0
5693,,,1,0,1,1,0,1,0,862,0
5770,,,1,0,1,1,0,1,0,631,0
5772,,,1,0,1,1,0,1,0,84,0
5773,,,1,0,1,1,0,1,0,902,0
5774,,,1,0,1,1,0,1,0,40,0
5681,,,1,0,1,1,0,1,0,39,0
5775,,,1,0,1,1,0,1,0,41,0
5776,,,2,0,2,2,0,2,0,788,0
5777,,,4,4,8,4,4,8,0,1115,0.666667
5778,,,1,0,1,1,0,1,0,852,0
5766,,,1,1,2,1,1,2,0,1115,0
5779,,,1,0,1,1,0,1,0,551,0
5780,,,1,0,1,1,0,1,0,628,0
5781,,,2,2,4,2,2,4,0,1115,1
5782,,,1,0,1,1,0,1,0,83,0
5783,,,2,3,5,2,3,5,0,1115,0.5
5784,,,3,4,7,3,4,7,0,1115,0.5
5785,,,1,0,1,1,0,1,0,542,0
5786,,,1,0,1,1,0,1,0,635,0
5788,,,2,1,3,2,1,3,0,1115,1
5789,,,1,0,1,1,0,1,0,787,0
5790,,,1,0,1,1,0,1,0,82,0
5791,,,2,1,3,2,1,3,0,1115,0
5792,,,1,0,1,1,0,1,0,943,0
5795,,,1,1,2,1,1,2,0,1115,0
5796,,,1,1,2,1,1,2,0,1115,0
5797,,,1,0,1,1,0,1,0,894,0
5798,,,1,1,2,1,1,2,0,1115,0
5799,,,4,0,4,4,0,4,0,20,0.416667
5800,,,2,2,4,2,2,4,0,1115,0
5801,,,8,7,15,8,7,15,0,1115,0.1
5793,,,1,1,2,1,1,2,0,1115,0
5802,,,1,1,2,1,1,2,0,1115,0
5803,,,2,1,3,2,1,3,0,1115,0
5804,,,1,0,1,1,0,1,0,861,0
5805,,,1,1,2,1,1,2,0,1115,0
5806,,,7,4,11,7,4,11,0,1115,0.690476
5807,,,2,0,2,2,0,2,0,6,0
5808,,,1,0,1,1,0,1,0,547,0
5809,,,1,0,1,1,0,1,0,546,0
5769,,,1,0,1,1,0,1,0,774,0
5810,,,1,0,1,1,0,1,0,893,0
5813,,,1,1,2,1,1,2,0,1115,0
5815,,,1,0,1,1,0,1,0,942,0
5816,,,1,0,1,1,0,1,0,941,0
5814,,,1,1,2,1,1,2,0,1115,0
5818,,,1,1,2,1,1,2,0,1115,1
5819,,,1,0,1,1,0,1,0,773,0
5629,,,3,4,7,3,4,7,0,1115,0.466667
5820,,,1,1,2,1,1,2,0,1115,0
5811,,,4,7,11,4,7,11,0,1115,0.375
5822,,,3,5,8,3,5,8,0,1115,0.5
5823,,,1,0,1,1,0,1,0,29,0
5821,,,1,0,1,1,0,1,0,630,0
5824,,,1,0,1,1,0,1,0,864,0
5825,,,8,7,15,8,7,15,0,1115,0.285714
5826,,,1,0,1,1,0,1,0,880,0
5827,,,10,11,21,10,11,21,0,1115,0.345455
5828,,,2,2,4,2,2,4,0,1115,1
5829,,,1,2,3,1,2,3,0,1115,0.5
5605,,,3,5,8,3,5,8,0,1115,0.5
5830,,,1,0,1,1,0,1,0,17,0
5832,,,1,2,3,1,2,3,0,1115,0
5833,,,1,1,2,1,1,2,0,1115,0
5835,,,1,0,1,1,0,1,0,558,0
5836,,,2,1,3,2,1,3,0,1115,1
5837,,,1,1,2,1,1,2,0,1115,0
5838,,,1,1,2,1,1,2,0,1115,0
5839,,,2,2,4,2,2,4,0,1115,0.333333
5840,,,3,3,6,3,3,6,0,1115,0.583333
5843,,,1,0,1,1,0,1,0,940,0
5844,,,1,1,2,1,1,2,0,1115,0
5845,,,7,0,7,7,0,7,0,10,0.238095
5846,,,2,1,3,2,1,3,0,1115,1
5847,,,2,1,3,2,1,3,0,1115,1
5848,,,1,1,2,1,1,2,0,1115,0
5849,,,1,1,2,1,1,2,0,1115,0
5831,,,3,3,6,3,3,6,0,1115,0.333333
5850,,,1,1,2,1,1,2,0,1115,0
5851,,,2,3,5,2,3,5,0,1115,0
5852,,,4,11,15,4,11,15,0,1115,0.018182
5853,,,1,1,2,1,1,2,0,1115,0
5854,,,2,2,4,2,2,4,0,1115,1
5855,,,1,0,1,1,0,1,0,939,0
5817,,,1,0,1,1,0,1,0,772,0
5856,,,1,1,2,1,1,2,0,1115,0
5857,,,1,1,2,1,1,2,0,1115,0
5858,,,1,1,2,1,1,2,0,1115,0
5859,,,3,3,6,3,3,6,0,1115,0.333333
5860,,,1,0,1,1,0,1,0,550,0
5861,,,1,1,2,1,1,2,0,1115,0
5862,,,1,1,2,1,1,2,0,1115,0
5863,,,1,0,1,1,0,1,0,7,0
5864,,,1,1,2,1,1,2,0,1115,0
5866,,,1,1,2,1,1,2,0,1115,0
5867,,,1,0,1,1,0,1,0,938,0
5868,,,1,0,1,1,0,1,0,937,0
5869,,,2,1,3,2,1,3,0,1115,1
5870,,,1,1,2,1,1,2,0,1115,0
5871,,,2,0,2,2,0,2,0,827,0.5
5872,,,2,0,2,2,0,2,0,826,0.5
5873,,,2,0,2,2,0,2,0,825,0.5
5874,,,2,0,2,2,0,2,0,823,0.5
5875,,,2,0,2,2,0,2,0,822,0.5
5876,,,2,0,2,2,0,2,0,28,1
5877,,,1,0,1,1,0,1,0,9,0
5878,,,1,0,1,1,0,1,0,936,0
5879,,,1,0,1,1,0,1,0,896,0
5880,,,1,1,2,1,1,2,0,1115,0
5881,,,3,4,7,3,4,7,0,1115,0.166667
5882,,,2,2,4,2,2,4,0,1115,0.5
5883,,,1,3,4,1,3,4,0,1115,0.5
5884,,,3,0,3,3,0,3,0,11,0.5
5885,,,1,0,1,1,0,1,0,935,0
5886,,,2,2,4,2,2,4,0,1115,0
5887,,,1,0,1,1,0,1,0,871,0
5888,,,1,1,2,1,1,2,0,1115,0
5891,,,1,1,2,1,1,2,0,1115,0
5892,,,1,1,2,1,1,2,0,1115,0
5889,,,1,0,1,1,0,1,0,875,0
5893,,,1,0,1,1,0,1,0,895,0
5894,,,1,1,2,1,1,2,0,1115,0
5895,,,1,1,2,1,1,2,0,1115,0
5896,,,2,3,5,2,3,5,0,1115,0.166667
5897,,,1,0,1,1,0,1,0,934,0
5898,,,1,0,1,1,0,1,0,870,0
5900,,,3,2,5,3,2,5,0,1115,0.833333
5899,,,1,1,2,1,1,2,0,1115,0
5901,,,1,0,1,1,0,1,0,869,0
5890,,,1,1,2,1,1,2,0,1115,0
5902,,,2,2,4,2,2,4,0,1115,0
5903,,,2,1,3,2,1,3,0,1115,0
5904,,,1,1,2,1,1,2,0,1115,0
5907,,,1,0,1,1,0,1,0,840,0
5908,,,1,0,1,1,0,1,0,839,0
5906,,,1,0,1,1,0,1,0,838,0
5909,,,1,0,1,1,0,1,0,837,0
5910,,,1,0,1,1,0,1,0,836,0
5911,,,1,1,2,1,1,2,0,1115,0
5912,,,1,0,1,1,0,1,0,63,0
5913,,,1,1,2,1,1,2,0,1115,0
5914,,,2,0,2,2,0,2,0,8,0
5915,,,1,0,1,1,0,1,0,23,0
5916,,,1,0,1,1,0,1,0,811,0
5917,,,5,7,12,5,7,12,0,1115,0.404762
5918,,,1,0,1,1,0,1,0,557,0
5919,,,1,0,1,1,0,1,0,933,0
5920,,,2,2,4,2,2,4,0,1115,1
5922,,,1,0,1,1,0,1,0,901,0
5921,,,13,13,26,13,13,26,0,1115,0.351648
5923,,,1,1,2,1,1,2,0,1115,0
5924,,,1,0,1,1,0,1,0,932,0
5925,,,2,2,4,2,2,4,0,1115,1
5926,,,1,0,1,1,0,1,0,931,0
5927,,,1,0,1,1,0,1,0,930,0
5928,,,4,6,10,4,6,10,0,1115,0.4
5929,,,1,1,2,1,1,2,0,1115,0.5
5905,,,1,0,1,1,0,1,0,874,0
5930,,,1,1,2,1,1,2,0,1115,0
5931,,,1,0,1,1,0,1,0,929,0
5932,,,1,0,1,1,0,1,0,928,0
5933,,,1,0,1,1,0,1,0,927,0
5934,,,1,0,1,1,0,1,0,926,0
5935,,,2,1,3,2,1,3,0,1115,1
5937,,,1,1,2,1,1,2,0,1115,0
5938,,,1,1,2,1,1,2,0,1115,0
5939,,,2,2,4,2,2,4,0,1115,0.5
5940,,,1,1,2,1,1,2,0,1115,0
5941,,,1,1,2,1,1,2,0,1115,0
5942,,,3,6,9,3,6,9,0,1115,0.47619
5943,,,6,6,12,6,6,12,0,1115,0.5
5944,,,1,0,1,1,0,1,0,205,0
5945,,,2,2,4,2,2,4,0,1115,0
5946,,,1,0,1,1,0,1,0,873,0
5947,,,3,3,6,3,3,6,0,1115,0
5948,,,2,2,4,2,2,4,0,1115,0
5950,,,3,3,6,3,3,6,0,1115,0.333333
5951,,,3,3,6,3,3,6,0,1115,0.666667
5949,,,5,5,10,5,5,10,0,1115,0.2
5954,,,1,1,2,1,1,2,0,1115,0
5955,,,3,8,11,3,8,11,0,1115,0.375
5957,,,1,1,2,1,1,2,0,1115,0
5952,,,1,0,1,1,0,1,0,859,0
5958,,,3,3,6,3,3,6,0,1115,1
5959,,,1,1,2,1,1,2,0,1115,0
5961,,,1,1,2,1,1,2,0,1115,0
5962,,,1,1,2,1,1,2,0,1115,0
5963,,,1,1,2,1,1,2,0,1115,0
5953,,,1,0,1,1,0,1,0,925,0
5964,,,1,0,1,1,0,1,0,924,0
5966,,,1,1,2,1,1,2,0,1115,0
5936,,,1,1,2,1,1,2,0,1115,0
5967,,,1,1,2,1,1,2,0,1115,0
5968,,,1,1,2,1,1,2,0,1115,0
3992,,,3,2,5,3,2,5,0,1115,0.333333
5965,,,5,6,11,5,6,11,0,1115,0.633333
5969,,,6,3,9,6,3,9,0,1115,0.2
5970,,,1,1,2,1,1,2,0,1115,0
5971,,,2,3,5,2,3,5,0,1115,0.083333
5960,,,1,0,1,1,0,1,0,770,0
5972,,,1,1,2,1,1,2,0,1115,0
5973,,,1,0,1,1,0,1,0,1108,0
5974,,,1,1,2,1,1,2,0,1115,0
5975,,,1,0,1,1,0,1,0,868,0
5976,,,1,0,1,1,0,1,0,867,0
5977,,,1,0,1,1,0,1,0,866,0
5978,,,2,0,2,2,0,2,0,15,0
5979,,,1,0,1,1,0,1,0,923,0
5980,,,1,0,1,1,0,1,0,922,0
5981,,,1,0,1,1,0,1,0,921,0
5982,,,4,4,8,4,4,8,0,1115,0.166667
5983,,,10,10,20,10,10,20,0,1115,0.311111
5984,,,1,1,2,1,1,2,0,1115,0
5985,,,1,2,3,1,2,3,0,1115,0
5986,,,1,0,1,1,0,1,0,865,0
5987,,,1,0,1,1,0,1,0,899,0
5988,,,1,1,2,1,1,2,0,1115,0
5989,,,1,1,2,1,1,2,0,1115,0
5956,,,3,3,6,3,3,6,0,1115,1
5990,,,1,0,1,1,0,1,0,797,0
5991,,,1,1,2,1,1,2,0,1115,0
5993,,,1,1,2,1,1,2,0,1115,0
5994,,,1,2,3,1,2,3,0,1115,1
5995,,,1,1,2,1,1,2,0,1115,0
5996,,,1,1,2,1,1,2,0,1115,0
5992,,,1,0,1,1,0,1,0,920,0
5997,,,1,0,1,1,0,1,0,919,0
5998,,,1,0,1,1,0,1,0,918,0
5999,,,1,1,2,1,1,2,0,1115,0
6000,,,0,1,1,0,1,1,3,1143,0
6002,,,1,0,1,1,0,1,3,1142,0
6003,,,1,0,1,1,0,1,0,30,0
6004,,,1,0,1,1,0,1,0,4,0
6005,,,1,0,1,1,0,1,0,3,0
